600
Kinetic read 1 (0:00:00)
	1	2	3	4	5	6	7	8	9	10	11	12
A	0.164	0.186	0.164	0.194	0.166	0.206	0.173	0.208	0.168	0.204	0.166	0.195	600 Read#1
B	0.168	0.222	0.180	0.196	0.166	0.201	0.173	0.203	0.173	0.192	0.166	0.196	600 Read#1
C	0.169	0.202	0.167	0.194	0.166	0.198	0.169	0.197	0.167	0.200	0.166	0.196	600 Read#1
D	0.167	0.204	0.173	0.202	0.175	0.191	0.168	0.202	0.179	0.205	0.165	0.198	600 Read#1
E	0.167	0.198	0.166	0.203	0.168	0.196	0.167	0.194	0.179	0.203	0.167	0.202	600 Read#1
F	0.167	0.197	0.173	0.203	0.168	0.205	0.165	0.198	0.179	0.214	0.165	0.205	600 Read#1
G	0.171	0.199	0.168	0.197	0.167	0.210	0.173	0.199	0.171	0.204	0.170	0.200	600 Read#1
H	0.167	0.199	0.164	0.204	0.163	0.205	0.171	0.198	0.172	0.280	0.169	0.201	600 Read#1

600
Kinetic read 2 (0:30:00)
	1	2	3	4	5	6	7	8	9	10	11	12
A	0.164	0.189	0.163	0.197	0.165	0.208	0.174	0.210	0.168	0.213	0.166	0.214	600 Read#2
B	0.168	0.222	0.170	0.196	0.164	0.201	0.174	0.206	0.172	0.190	0.165	0.194	600 Read#2
C	0.168	0.207	0.167	0.196	0.163	0.199	0.172	0.198	0.163	0.199	0.166	0.195	600 Read#2
D	0.167	0.207	0.172	0.205	0.168	0.191	0.170	0.205	0.174	0.203	0.165	0.200	600 Read#2
E	0.167	0.202	0.166	0.206	0.166	0.195	0.169	0.198	0.176	0.198	0.166	0.204	600 Read#2
F	0.167	0.200	0.170	0.202	0.165	0.204	0.167	0.202	0.175	0.215	0.165	0.209	600 Read#2
G	0.171	0.202	0.167	0.199	0.164	0.209	0.174	0.202	0.175	0.204	0.170	0.203	600 Read#2
H	0.167	0.203	0.163	0.205	0.162	0.204	0.172	0.202	0.171	0.240	0.169	0.203	600 Read#2

600
Kinetic read 3 (1:00:00)
	1	2	3	4	5	6	7	8	9	10	11	12
A	0.164	0.196	0.163	0.201	0.165	0.208	0.175	0.213	0.168	0.212	0.166	0.225	600 Read#3
B	0.168	0.231	0.169	0.205	0.164	0.202	0.175	0.210	0.169	0.190	0.165	0.197	600 Read#3
C	0.169	0.211	0.166	0.199	0.163	0.201	0.173	0.201	0.163	0.197	0.166	0.199	600 Read#3
D	0.167	0.213	0.171	0.210	0.167	0.192	0.172	0.210	0.174	0.204	0.165	0.203	600 Read#3
E	0.167	0.208	0.165	0.209	0.165	0.196	0.171	0.202	0.176	0.199	0.166	0.207	600 Read#3
F	0.167	0.205	0.169	0.206	0.165	0.205	0.169	0.206	0.174	0.214	0.165	0.212	600 Read#3
G	0.171	0.207	0.167	0.203	0.163	0.210	0.176	0.206	0.173	0.204	0.170	0.206	600 Read#3
H	0.167	0.208	0.157	0.210	0.161	0.206	0.172	0.205	0.171	0.212	0.169	0.207	600 Read#3

600
Kinetic read 4 (1:30:00)
	1	2	3	4	5	6	7	8	9	10	11	12
A	0.164	0.208	0.163	0.208	0.165	0.210	0.176	0.216	0.168	0.202	0.167	0.218	600 Read#4
B	0.168	0.238	0.169	0.213	0.164	0.203	0.177	0.215	0.169	0.190	0.165	0.200	600 Read#4
C	0.169	0.219	0.166	0.206	0.163	0.202	0.175	0.206	0.166	0.197	0.165	0.203	600 Read#4
D	0.167	0.220	0.171	0.217	0.167	0.192	0.173	0.218	0.173	0.203	0.165	0.207	600 Read#4
E	0.167	0.215	0.165	0.218	0.165	0.197	0.172	0.207	0.175	0.200	0.166	0.213	600 Read#4
F	0.167	0.213	0.168	0.214	0.165	0.205	0.170	0.210	0.177	0.213	0.165	0.217	600 Read#4
G	0.171	0.216	0.166	0.211	0.164	0.211	0.177	0.209	0.174	0.202	0.170	0.212	600 Read#4
H	0.168	0.215	0.156	0.217	0.161	0.207	0.174	0.210	0.172	0.210	0.168	0.214	600 Read#4

600
Kinetic read 5 (2:00:00)
	1	2	3	4	5	6	7	8	9	10	11	12
A	0.164	0.217	0.163	0.219	0.165	0.213	0.177	0.239	0.169	0.201	0.167	0.210	600 Read#5
B	0.169	0.255	0.169	0.221	0.164	0.203	0.178	0.225	0.171	0.192	0.165	0.206	600 Read#5
C	0.169	0.231	0.166	0.220	0.164	0.203	0.176	0.213	0.167	0.197	0.166	0.209	600 Read#5
D	0.168	0.236	0.171	0.229	0.167	0.193	0.175	0.234	0.174	0.202	0.165	0.213	600 Read#5
E	0.167	0.228	0.165	0.228	0.165	0.197	0.173	0.214	0.176	0.209	0.167	0.221	600 Read#5
F	0.167	0.226	0.168	0.225	0.165	0.207	0.171	0.223	0.176	0.214	0.165	0.226	600 Read#5
G	0.171	0.229	0.166	0.222	0.165	0.211	0.179	0.217	0.175	0.202	0.170	0.221	600 Read#5
H	0.167	0.227	0.156	0.228	0.161	0.207	0.175	0.218	0.175	0.203	0.168	0.224	600 Read#5

600
Kinetic read 6 (2:30:00)
	1	2	3	4	5	6	7	8	9	10	11	12
A	0.169	0.237	0.163	0.241	0.165	0.214	0.178	0.254	0.169	0.200	0.166	0.219	600 Read#6
B	0.168	0.275	0.169	0.233	0.164	0.204	0.179	0.237	0.172	0.192	0.165	0.213	600 Read#6
C	0.169	0.250	0.166	0.241	0.163	0.203	0.177	0.234	0.167	0.196	0.165	0.217	600 Read#6
D	0.168	0.252	0.171	0.247	0.167	0.193	0.176	0.254	0.174	0.202	0.165	0.223	600 Read#6
E	0.168	0.249	0.165	0.247	0.165	0.197	0.174	0.223	0.175	0.207	0.166	0.233	600 Read#6
F	0.167	0.247	0.168	0.245	0.165	0.207	0.172	0.243	0.175	0.210	0.165	0.237	600 Read#6
G	0.171	0.249	0.166	0.239	0.164	0.213	0.180	0.228	0.175	0.200	0.170	0.233	600 Read#6
H	0.168	0.244	0.155	0.253	0.161	0.208	0.175	0.229	0.178	0.203	0.168	0.239	600 Read#6

600
Kinetic read 7 (3:00:00)
	1	2	3	4	5	6	7	8	9	10	11	12
A	0.167	0.264	0.163	0.270	0.165	0.214	0.179	0.274	0.170	0.199	0.165	0.229	600 Read#7
B	0.168	0.309	0.169	0.247	0.164	0.204	0.180	0.269	0.171	0.193	0.165	0.223	600 Read#7
C	0.169	0.277	0.166	0.271	0.163	0.203	0.178	0.256	0.168	0.194	0.165	0.227	600 Read#7
D	0.168	0.282	0.171	0.276	0.167	0.193	0.177	0.271	0.174	0.202	0.165	0.236	600 Read#7
E	0.168	0.280	0.165	0.291	0.166	0.198	0.175	0.239	0.175	0.209	0.166	0.250	600 Read#7
F	0.167	0.275	0.167	0.277	0.165	0.208	0.173	0.276	0.176	0.208	0.165	0.254	600 Read#7
G	0.171	0.277	0.166	0.257	0.164	0.213	0.181	0.253	0.176	0.202	0.170	0.249	600 Read#7
H	0.167	0.267	0.162	0.274	0.161	0.208	0.176	0.250	0.177	0.204	0.170	0.261	600 Read#7

600
Kinetic read 8 (3:30:00)
	1	2	3	4	5	6	7	8	9	10	11	12
A	0.168	0.307	0.163	0.324	0.165	0.213	0.182	0.299	0.170	0.199	0.165	0.245	600 Read#8
B	0.169	0.350	0.169	0.263	0.164	0.204	0.181	0.298	0.171	0.194	0.165	0.236	600 Read#8
C	0.169	0.319	0.167	0.319	0.163	0.204	0.179	0.292	0.168	0.198	0.165	0.243	600 Read#8
D	0.170	0.321	0.171	0.316	0.167	0.193	0.180	0.304	0.174	0.202	0.165	0.255	600 Read#8
E	0.168	0.324	0.164	0.341	0.166	0.198	0.176	0.264	0.175	0.204	0.166	0.274	600 Read#8
F	0.167	0.318	0.168	0.313	0.165	0.209	0.175	0.324	0.177	0.209	0.165	0.279	600 Read#8
G	0.171	0.323	0.166	0.280	0.165	0.214	0.186	0.303	0.175	0.205	0.170	0.272	600 Read#8
H	0.167	0.314	0.156	0.364	0.161	0.208	0.177	0.299	0.177	0.204	0.169	0.297	600 Read#8

600
Kinetic read 9 (4:00:00)
	1	2	3	4	5	6	7	8	9	10	11	12
A	0.171	0.362	0.163	0.380	0.165	0.214	0.186	0.361	0.171	0.205	0.166	0.257	600 Read#9
B	0.168	0.394	0.169	0.283	0.164	0.204	0.183	0.367	0.169	0.195	0.164	0.252	600 Read#9
C	0.169	0.374	0.167	0.390	0.164	0.203	0.180	0.351	0.169	0.198	0.165	0.261	600 Read#9
D	0.174	0.378	0.171	0.361	0.168	0.193	0.183	0.344	0.175	0.202	0.165	0.278	600 Read#9
E	0.169	0.382	0.165	0.394	0.166	0.198	0.177	0.300	0.175	0.208	0.166	0.312	600 Read#9
F	0.167	0.377	0.168	0.366	0.166	0.211	0.182	0.375	0.177	0.207	0.165	0.308	600 Read#9
G	0.171	0.384	0.166	0.310	0.165	0.214	0.191	0.331	0.175	0.201	0.169	0.305	600 Read#9
H	0.167	0.383	0.160	0.419	0.161	0.208	0.177	0.341	0.177	0.205	0.169	0.337	600 Read#9

600
Kinetic read 10 (4:30:00)
	1	2	3	4	5	6	7	8	9	10	11	12
A	0.170	0.426	0.163	0.410	0.165	0.213	0.193	0.404	0.171	0.208	0.164	0.281	600 Read#10
B	0.168	0.464	0.168	0.326	0.164	0.203	0.187	0.398	0.167	0.195	0.164	0.265	600 Read#10
C	0.169	0.431	0.167	0.411	0.164	0.204	0.183	0.389	0.170	0.200	0.165	0.281	600 Read#10
D	0.177	0.441	0.171	0.418	0.168	0.194	0.189	0.390	0.175	0.201	0.165	0.309	600 Read#10
E	0.169	0.446	0.165	0.416	0.166	0.198	0.178	0.343	0.175	0.207	0.166	0.353	600 Read#10
F	0.167	0.452	0.167	0.427	0.166	0.211	0.188	0.403	0.177	0.216	0.164	0.354	600 Read#10
G	0.171	0.455	0.166	0.346	0.165	0.215	0.195	0.380	0.173	0.206	0.170	0.346	600 Read#10
H	0.166	0.419	0.156	0.403	0.161	0.208	0.178	0.365	0.177	0.205	0.169	0.377	600 Read#10

600
Kinetic read 11 (5:00:00)
	1	2	3	4	5	6	7	8	9	10	11	12
A	0.169	0.480	0.164	0.471	0.165	0.213	0.200	0.414	0.172	0.208	0.163	0.322	600 Read#11
B	0.168	0.510	0.168	0.332	0.164	0.202	0.193	0.416	0.167	0.196	0.164	0.278	600 Read#11
C	0.169	0.481	0.167	0.428	0.164	0.203	0.187	0.412	0.170	0.200	0.164	0.304	600 Read#11
D	0.184	0.494	0.171	0.458	0.171	0.193	0.194	0.421	0.175	0.202	0.164	0.333	600 Read#11
E	0.168	0.506	0.164	0.450	0.167	0.198	0.179	0.372	0.175	0.205	0.166	0.389	600 Read#11
F	0.166	0.492	0.167	0.468	0.166	0.210	0.197	0.457	0.177	0.211	0.164	0.394	600 Read#11
G	0.170	0.505	0.166	0.382	0.165	0.215	0.202	0.393	0.174	0.200	0.169	0.379	600 Read#11
H	0.166	0.477	0.159	0.389	0.161	0.208	0.178	0.379	0.176	0.207	0.169	0.437	600 Read#11

600
Kinetic read 12 (5:30:00)
	1	2	3	4	5	6	7	8	9	10	11	12
A	0.166	0.539	0.162	0.493	0.165	0.213	0.207	0.417	0.172	0.207	0.162	0.313	600 Read#12
B	0.168	0.557	0.168	0.379	0.165	0.202	0.198	0.417	0.168	0.195	0.164	0.280	600 Read#12
C	0.169	0.520	0.167	0.383	0.165	0.204	0.192	0.431	0.171	0.200	0.164	0.312	600 Read#12
D	0.183	0.529	0.171	0.475	0.168	0.193	0.198	0.445	0.175	0.202	0.165	0.347	600 Read#12
E	0.168	0.554	0.179	0.494	0.167	0.198	0.181	0.396	0.176	0.199	0.166	0.416	600 Read#12
F	0.166	0.541	0.168	0.507	0.166	0.209	0.206	0.480	0.177	0.211	0.164	0.408	600 Read#12
G	0.170	0.560	0.166	0.399	0.165	0.214	0.206	0.426	0.173	0.204	0.169	0.403	600 Read#12
H	0.165	0.522	0.156	0.412	0.161	0.209	0.179	0.404	0.176	0.208	0.167	0.443	600 Read#12

600
Kinetic read 13 (6:00:00)
	1	2	3	4	5	6	7	8	9	10	11	12
A	0.168	0.575	0.162	0.530	0.165	0.214	0.212	0.432	0.173	0.208	0.162	0.283	600 Read#13
B	0.168	0.597	0.168	0.482	0.165	0.201	0.202	0.470	0.170	0.195	0.163	0.274	600 Read#13
C	0.169	0.554	0.167	0.385	0.165	0.203	0.197	0.471	0.170	0.202	0.164	0.317	600 Read#13
D	0.189	0.572	0.171	0.475	0.169	0.193	0.202	0.445	0.175	0.202	0.164	0.358	600 Read#13
E	0.167	0.595	0.192	0.466	0.167	0.197	0.184	0.421	0.176	0.200	0.166	0.438	600 Read#13
F	0.166	0.587	0.167	0.470	0.167	0.210	0.213	0.477	0.177	0.209	0.164	0.426	600 Read#13
G	0.169	0.591	0.166	0.409	0.165	0.214	0.208	0.441	0.173	0.205	0.169	0.420	600 Read#13
H	0.165	0.560	0.156	0.454	0.161	0.208	0.180	0.419	0.175	0.209	0.168	0.476	600 Read#13

600
Kinetic read 14 (6:30:00)
	1	2	3	4	5	6	7	8	9	10	11	12
A	0.169	0.608	0.161	0.521	0.164	0.215	0.216	0.450	0.173	0.211	0.162	0.269	600 Read#14
B	0.168	0.619	0.168	0.465	0.165	0.200	0.206	0.507	0.169	0.195	0.163	0.259	600 Read#14
C	0.169	0.577	0.167	0.393	0.165	0.204	0.201	0.495	0.172	0.200	0.164	0.316	600 Read#14
D	0.186	0.611	0.172	0.501	0.169	0.193	0.203	0.427	0.176	0.202	0.164	0.357	600 Read#14
E	0.167	0.627	0.184	0.446	0.167	0.198	0.186	0.452	0.176	0.202	0.165	0.459	600 Read#14
F	0.165	0.608	0.167	0.466	0.167	0.210	0.217	0.511	0.176	0.203	0.164	0.441	600 Read#14
G	0.168	0.625	0.166	0.434	0.165	0.215	0.211	0.451	0.172	0.206	0.169	0.428	600 Read#14
H	0.164	0.602	0.157	0.458	0.161	0.208	0.180	0.455	0.175	0.208	0.166	0.494	600 Read#14

600
Kinetic read 15 (7:00:00)
	1	2	3	4	5	6	7	8	9	10	11	12
A	0.170	0.628	0.162	0.579	0.164	0.214	0.219	0.457	0.173	0.209	0.164	0.253	600 Read#15
B	0.167	0.653	0.168	0.427	0.165	0.199	0.208	0.524	0.169	0.195	0.162	0.242	600 Read#15
C	0.169	0.614	0.167	0.456	0.165	0.204	0.204	0.506	0.172	0.200	0.163	0.300	600 Read#15
D	0.186	0.643	0.171	0.539	0.168	0.193	0.205	0.431	0.176	0.202	0.164	0.347	600 Read#15
E	0.168	0.658	0.184	0.466	0.167	0.197	0.189	0.476	0.176	0.193	0.165	0.468	600 Read#15
F	0.164	0.642	0.166	0.496	0.167	0.209	0.221	0.504	0.177	0.201	0.163	0.441	600 Read#15
G	0.167	0.659	0.166	0.465	0.165	0.215	0.212	0.445	0.172	0.209	0.169	0.429	600 Read#15
H	0.164	0.621	0.155	0.450	0.161	0.209	0.181	0.472	0.175	0.206	0.166	0.502	600 Read#15

600
Kinetic read 16 (7:30:00)
	1	2	3	4	5	6	7	8	9	10	11	12
A	0.166	0.645	0.165	0.593	0.164	0.216	0.221	0.481	0.174	0.207	0.163	0.232	600 Read#16
B	0.167	0.671	0.169	0.444	0.165	0.198	0.211	0.551	0.169	0.193	0.162	0.219	600 Read#16
C	0.168	0.637	0.167	0.466	0.165	0.203	0.207	0.490	0.174	0.201	0.163	0.281	600 Read#16
D	0.187	0.675	0.172	0.571	0.169	0.192	0.206	0.464	0.176	0.202	0.164	0.333	600 Read#16
E	0.167	0.684	0.179	0.489	0.167	0.197	0.193	0.520	0.177	0.203	0.165	0.467	600 Read#16
F	0.164	0.661	0.166	0.513	0.168	0.207	0.223	0.532	0.175	0.203	0.163	0.430	600 Read#16
G	0.167	0.681	0.166	0.463	0.165	0.215	0.213	0.425	0.171	0.200	0.168	0.416	600 Read#16
H	0.163	0.634	0.156	0.513	0.161	0.210	0.181	0.493	0.176	0.204	0.166	0.504	600 Read#16

600
Kinetic read 17 (8:00:00)
	1	2	3	4	5	6	7	8	9	10	11	12
A	0.166	0.647	0.163	0.597	0.164	0.215	0.223	0.501	0.173	0.206	0.161	0.207	600 Read#17
B	0.166	0.690	0.169	0.470	0.164	0.198	0.212	0.535	0.169	0.192	0.162	0.191	600 Read#17
C	0.167	0.657	0.168	0.481	0.165	0.203	0.206	0.526	0.175	0.198	0.163	0.253	600 Read#17
D	0.185	0.684	0.171	0.565	0.168	0.193	0.207	0.493	0.176	0.202	0.163	0.304	600 Read#17
E	0.167	0.691	0.182	0.511	0.167	0.197	0.196	0.501	0.178	0.197	0.165	0.452	600 Read#17
F	0.163	0.659	0.166	0.515	0.168	0.207	0.225	0.563	0.175	0.201	0.163	0.410	600 Read#17
G	0.166	0.682	0.166	0.483	0.166	0.214	0.217	0.463	0.171	0.199	0.168	0.393	600 Read#17
H	0.162	0.641	0.158	0.536	0.161	0.209	0.181	0.485	0.175	0.204	0.166	0.488	600 Read#17

600
Kinetic read 18 (8:30:00)
	1	2	3	4	5	6	7	8	9	10	11	12
A	0.165	0.638	0.160	0.606	0.164	0.217	0.225	0.510	0.173	0.207	0.160	0.175	600 Read#18
B	0.166	0.693	0.169	0.481	0.165	0.197	0.212	0.565	0.169	0.191	0.161	0.163	600 Read#18
C	0.167	0.656	0.168	0.481	0.165	0.203	0.208	0.575	0.178	0.199	0.162	0.224	600 Read#18
D	0.184	0.686	0.172	0.556	0.168	0.192	0.208	0.504	0.176	0.203	0.163	0.278	600 Read#18
E	0.167	0.685	0.180	0.523	0.167	0.197	0.200	0.523	0.180	0.195	0.164	0.430	600 Read#18
F	0.163	0.649	0.166	0.514	0.168	0.207	0.227	0.579	0.175	0.205	0.163	0.381	600 Read#18
G	0.165	0.672	0.166	0.487	0.166	0.212	0.220	0.473	0.171	0.199	0.168	0.365	600 Read#18
H	0.160	0.625	0.155	0.544	0.160	0.209	0.182	0.517	0.174	0.203	0.166	0.468	600 Read#18

600
Kinetic read 19 (9:00:00)
	1	2	3	4	5	6	7	8	9	10	11	12
A	0.164	0.631	0.162	0.597	0.163	0.215	0.226	0.550	0.173	0.204	0.159	0.159	600 Read#19
B	0.166	0.686	0.169	0.495	0.165	0.196	0.214	0.596	0.169	0.191	0.161	0.137	600 Read#19
C	0.168	0.655	0.168	0.484	0.164	0.202	0.210	0.584	0.176	0.199	0.162	0.195	600 Read#19
D	0.179	0.662	0.172	0.544	0.168	0.192	0.208	0.505	0.176	0.203	0.163	0.247	600 Read#19
E	0.166	0.674	0.176	0.521	0.167	0.197	0.202	0.541	0.180	0.194	0.164	0.405	600 Read#19
F	0.162	0.645	0.165	0.514	0.169	0.206	0.229	0.577	0.175	0.213	0.163	0.350	600 Read#19
G	0.163	0.655	0.168	0.481	0.165	0.212	0.218	0.488	0.171	0.199	0.167	0.335	600 Read#19
H	0.159	0.611	0.154	0.542	0.160	0.208	0.183	0.539	0.174	0.200	0.165	0.438	600 Read#19

600
Kinetic read 20 (9:30:00)
	1	2	3	4	5	6	7	8	9	10	11	12
A	0.167	0.622	0.162	0.585	0.163	0.217	0.227	0.564	0.176	0.204	0.158	0.129	600 Read#20
B	0.166	0.681	0.169	0.497	0.165	0.196	0.215	0.594	0.169	0.192	0.160	0.115	600 Read#20
C	0.167	0.642	0.168	0.491	0.165	0.202	0.213	0.582	0.176	0.200	0.161	0.168	600 Read#20
D	0.204	0.658	0.172	0.541	0.168	0.192	0.208	0.504	0.176	0.204	0.163	0.218	600 Read#20
E	0.165	0.668	0.177	0.518	0.167	0.196	0.204	0.530	0.180	0.195	0.164	0.379	600 Read#20
F	0.160	0.633	0.165	0.511	0.169	0.207	0.230	0.571	0.175	0.210	0.162	0.319	600 Read#20
G	0.161	0.642	0.169	0.489	0.166	0.212	0.219	0.517	0.171	0.199	0.167	0.305	600 Read#20
H	0.159	0.592	0.159	0.542	0.160	0.208	0.183	0.567	0.174	0.200	0.163	0.408	600 Read#20

600
Kinetic read 21 (10:00:00)
	1	2	3	4	5	6	7	8	9	10	11	12
A	0.166	0.613	0.163	0.587	0.163	0.219	0.227	0.564	0.179	0.203	0.157	0.100	600 Read#21
B	0.168	0.681	0.169	0.501	0.165	0.195	0.216	0.595	0.169	0.191	0.159	0.102	600 Read#21
C	0.169	0.660	0.168	0.486	0.164	0.202	0.215	0.572	0.176	0.199	0.161	0.142	600 Read#21
D	0.205	0.661	0.172	0.535	0.169	0.192	0.208	0.496	0.176	0.204	0.162	0.190	600 Read#21
E	0.166	0.653	0.175	0.515	0.167	0.196	0.205	0.529	0.181	0.196	0.164	0.350	600 Read#21
F	0.159	0.623	0.164	0.506	0.169	0.207	0.231	0.565	0.175	0.204	0.162	0.290	600 Read#21
G	0.159	0.626	0.168	0.477	0.166	0.213	0.219	0.514	0.171	0.199	0.167	0.274	600 Read#21
H	0.156	0.581	0.159	0.536	0.160	0.208	0.183	0.544	0.173	0.199	0.163	0.375	600 Read#21

600
Kinetic read 22 (10:30:00)
	1	2	3	4	5	6	7	8	9	10	11	12
A	0.168	0.605	0.158	0.579	0.167	0.220	0.228	0.568	0.173	0.189	0.156	0.106	600 Read#22
B	0.166	0.667	0.169	0.509	0.165	0.195	0.218	0.585	0.169	0.191	0.159	0.100	600 Read#22
C	0.169	0.644	0.168	0.485	0.165	0.202	0.216	0.558	0.177	0.199	0.161	0.119	600 Read#22
D	0.224	0.655	0.172	0.533	0.169	0.192	0.208	0.491	0.176	0.204	0.162	0.164	600 Read#22
E	0.168	0.642	0.175	0.514	0.167	0.196	0.206	0.518	0.182	0.194	0.163	0.321	600 Read#22
F	0.158	0.610	0.164	0.506	0.170	0.206	0.232	0.551	0.175	0.205	0.162	0.257	600 Read#22
G	0.156	0.611	0.166	0.469	0.166	0.212	0.218	0.507	0.171	0.198	0.167	0.245	600 Read#22
H	0.153	0.568	0.158	0.533	0.160	0.202	0.184	0.532	0.173	0.193	0.163	0.344	600 Read#22

600
Kinetic read 23 (11:00:00)
	1	2	3	4	5	6	7	8	9	10	11	12
A	0.167	0.584	0.157	0.579	0.171	0.223	0.228	0.564	0.177	0.187	0.154	0.100	600 Read#23
B	0.166	0.668	0.168	0.511	0.164	0.195	0.218	0.583	0.169	0.189	0.158	0.096	600 Read#23
C	0.167	0.628	0.168	0.492	0.165	0.202	0.217	0.554	0.173	0.199	0.160	0.108	600 Read#23
D	0.222	0.651	0.172	0.526	0.169	0.192	0.208	0.486	0.176	0.204	0.161	0.140	600 Read#23
E	0.161	0.640	0.173	0.508	0.167	0.197	0.206	0.540	0.183	0.191	0.163	0.293	600 Read#23
F	0.155	0.599	0.164	0.502	0.171	0.207	0.233	0.542	0.174	0.200	0.161	0.229	600 Read#23
G	0.154	0.601	0.164	0.472	0.166	0.214	0.219	0.485	0.170	0.199	0.166	0.219	600 Read#23
H	0.158	0.555	0.159	0.531	0.160	0.204	0.184	0.536	0.173	0.192	0.162	0.315	600 Read#23

600
Kinetic read 24 (11:30:00)
	1	2	3	4	5	6	7	8	9	10	11	12
A	0.169	0.551	0.157	0.558	0.181	0.227	0.228	0.565	0.177	0.184	0.152	0.103	600 Read#24
B	0.167	0.651	0.168	0.516	0.165	0.194	0.218	0.561	0.169	0.190	0.157	0.101	600 Read#24
C	0.168	0.621	0.168	0.488	0.165	0.203	0.218	0.546	0.175	0.199	0.159	0.112	600 Read#24
D	0.259	0.642	0.172	0.512	0.169	0.192	0.208	0.480	0.176	0.205	0.161	0.117	600 Read#24
E	0.156	0.622	0.173	0.503	0.167	0.196	0.208	0.540	0.184	0.191	0.163	0.267	600 Read#24
F	0.153	0.587	0.159	0.499	0.173	0.207	0.233	0.536	0.175	0.201	0.161	0.203	600 Read#24
G	0.149	0.591	0.164	0.470	0.166	0.214	0.218	0.483	0.171	0.200	0.166	0.193	600 Read#24
H	0.149	0.539	0.159	0.534	0.160	0.206	0.185	0.513	0.173	0.192	0.161	0.289	600 Read#24

600
Kinetic read 25 (12:00:00)
	1	2	3	4	5	6	7	8	9	10	11	12
A	0.200	0.527	0.155	0.513	0.183	0.232	0.228	0.568	0.185	0.182	0.149	0.131	600 Read#25
B	0.165	0.646	0.168	0.515	0.164	0.194	0.218	0.551	0.169	0.190	0.156	0.117	600 Read#25
C	0.172	0.613	0.168	0.488	0.166	0.202	0.219	0.526	0.173	0.197	0.158	0.106	600 Read#25
D	0.280	0.626	0.172	0.531	0.170	0.191	0.208	0.472	0.176	0.206	0.160	0.103	600 Read#25
E	0.165	0.619	0.177	0.497	0.166	0.196	0.208	0.505	0.184	0.191	0.162	0.242	600 Read#25
F	0.151	0.579	0.158	0.495	0.172	0.207	0.233	0.531	0.175	0.199	0.161	0.179	600 Read#25
G	0.146	0.580	0.164	0.473	0.166	0.215	0.217	0.497	0.170	0.201	0.165	0.169	600 Read#25
H	0.143	0.522	0.158	0.535	0.160	0.207	0.186	0.524	0.173	0.188	0.160	0.261	600 Read#25

600
Kinetic read 26 (12:30:00)
	1	2	3	4	5	6	7	8	9	10	11	12
A	0.222	0.509	0.153	0.511	0.185	0.241	0.228	0.566	0.175	0.181	0.144	0.142	600 Read#26
B	0.161	0.638	0.168	0.502	0.164	0.194	0.218	0.543	0.169	0.189	0.154	0.130	600 Read#26
C	0.168	0.608	0.167	0.487	0.167	0.202	0.218	0.528	0.174	0.198	0.158	0.106	600 Read#26
D	0.257	0.623	0.172	0.531	0.173	0.191	0.208	0.466	0.176	0.206	0.160	0.122	600 Read#26
E	0.164	0.610	0.174	0.499	0.167	0.196	0.209	0.508	0.185	0.190	0.162	0.217	600 Read#26
F	0.148	0.566	0.158	0.490	0.172	0.208	0.234	0.523	0.175	0.196	0.160	0.157	600 Read#26
G	0.140	0.570	0.164	0.465	0.166	0.215	0.216	0.502	0.170	0.202	0.165	0.145	600 Read#26
H	0.138	0.502	0.158	0.531	0.160	0.208	0.188	0.544	0.172	0.186	0.160	0.237	600 Read#26

600
Kinetic read 27 (13:00:00)
	1	2	3	4	5	6	7	8	9	10	11	12
A	0.212	0.488	0.152	0.506	0.178	0.254	0.229	0.554	0.182	0.179	0.142	0.146	600 Read#27
B	0.163	0.631	0.168	0.503	0.165	0.194	0.218	0.538	0.169	0.189	0.153	0.138	600 Read#27
C	0.175	0.604	0.167	0.471	0.165	0.202	0.219	0.548	0.174	0.197	0.156	0.113	600 Read#27
D	0.263	0.612	0.172	0.530	0.170	0.191	0.207	0.461	0.176	0.206	0.159	0.119	600 Read#27
E	0.150	0.599	0.174	0.490	0.166	0.196	0.210	0.515	0.185	0.190	0.161	0.194	600 Read#27
F	0.143	0.556	0.158	0.489	0.173	0.209	0.234	0.514	0.175	0.196	0.159	0.130	600 Read#27
G	0.133	0.559	0.164	0.464	0.166	0.217	0.216	0.476	0.170	0.203	0.165	0.119	600 Read#27
H	0.132	0.474	0.157	0.531	0.160	0.214	0.190	0.516	0.172	0.186	0.159	0.214	600 Read#27

600
Kinetic read 28 (13:30:00)
	1	2	3	4	5	6	7	8	9	10	11	12
A	0.247	0.466	0.151	0.476	0.175	0.264	0.228	0.525	0.183	0.177	0.138	0.147	600 Read#28
B	0.155	0.617	0.168	0.496	0.165	0.193	0.218	0.538	0.169	0.190	0.151	0.140	600 Read#28
C	0.175	0.591	0.167	0.479	0.165	0.202	0.219	0.543	0.174	0.196	0.155	0.116	600 Read#28
D	0.273	0.607	0.172	0.518	0.168	0.191	0.207	0.451	0.177	0.207	0.158	0.121	600 Read#28
E	0.156	0.590	0.175	0.487	0.167	0.197	0.211	0.515	0.185	0.190	0.160	0.170	600 Read#28
F	0.139	0.548	0.158	0.476	0.172	0.209	0.234	0.509	0.175	0.201	0.158	0.112	600 Read#28
G	0.125	0.549	0.164	0.468	0.166	0.218	0.216	0.474	0.170	0.203	0.164	0.099	600 Read#28
H	0.124	0.456	0.157	0.523	0.159	0.218	0.193	0.492	0.171	0.184	0.158	0.195	600 Read#28

600
Kinetic read 29 (14:00:00)
	1	2	3	4	5	6	7	8	9	10	11	12
A	0.188	0.446	0.152	0.470	0.167	0.289	0.228	0.500	0.176	0.177	0.131	0.148	600 Read#29
B	0.157	0.605	0.168	0.497	0.165	0.193	0.218	0.534	0.169	0.190	0.149	0.140	600 Read#29
C	0.166	0.589	0.167	0.449	0.165	0.202	0.220	0.532	0.172	0.196	0.154	0.118	600 Read#29
D	0.276	0.603	0.172	0.475	0.172	0.191	0.206	0.457	0.176	0.208	0.158	0.138	600 Read#29
E	0.142	0.589	0.170	0.471	0.167	0.197	0.212	0.509	0.185	0.189	0.160	0.146	600 Read#29
F	0.133	0.536	0.159	0.472	0.172	0.210	0.233	0.506	0.175	0.194	0.158	0.098	600 Read#29
G	0.114	0.547	0.164	0.475	0.166	0.222	0.215	0.499	0.171	0.204	0.163	0.096	600 Read#29
H	0.113	0.435	0.156	0.513	0.160	0.228	0.197	0.523	0.171	0.184	0.156	0.172	600 Read#29

600
Kinetic read 30 (14:30:00)
	1	2	3	4	5	6	7	8	9	10	11	12
A	0.212	0.425	0.146	0.471	0.172	0.314	0.227	0.490	0.179	0.175	0.124	0.148	600 Read#30
B	0.145	0.592	0.168	0.490	0.164	0.193	0.218	0.528	0.168	0.190	0.147	0.141	600 Read#30
C	0.161	0.583	0.167	0.455	0.165	0.202	0.220	0.520	0.173	0.194	0.152	0.118	600 Read#30
D	0.250	0.587	0.172	0.474	0.171	0.191	0.206	0.462	0.176	0.206	0.157	0.146	600 Read#30
E	0.136	0.581	0.168	0.469	0.168	0.196	0.213	0.488	0.185	0.189	0.159	0.117	600 Read#30
F	0.127	0.535	0.158	0.466	0.172	0.212	0.233	0.502	0.174	0.194	0.157	0.096	600 Read#30
G	0.130	0.532	0.164	0.471	0.166	0.226	0.214	0.451	0.170	0.204	0.162	0.094	600 Read#30
H	0.150	0.409	0.156	0.510	0.159	0.237	0.200	0.514	0.171	0.183	0.155	0.146	600 Read#30

600
Kinetic read 31 (15:00:00)
	1	2	3	4	5	6	7	8	9	10	11	12
A	0.195	0.401	0.146	0.461	0.164	0.347	0.227	0.468	0.177	0.172	0.117	0.148	600 Read#31
B	0.152	0.585	0.168	0.488	0.165	0.194	0.219	0.526	0.169	0.190	0.144	0.142	600 Read#31
C	0.157	0.575	0.167	0.438	0.165	0.202	0.221	0.538	0.173	0.194	0.151	0.119	600 Read#31
D	0.232	0.578	0.172	0.472	0.169	0.191	0.207	0.450	0.177	0.206	0.156	0.150	600 Read#31
E	0.131	0.574	0.170	0.468	0.168	0.197	0.213	0.487	0.185	0.189	0.158	0.119	600 Read#31
F	0.118	0.533	0.158	0.459	0.172	0.217	0.234	0.502	0.174	0.195	0.156	0.094	600 Read#31
G	0.111	0.528	0.164	0.474	0.166	0.233	0.214	0.467	0.170	0.204	0.162	0.093	600 Read#31
H	0.106	0.390	0.155	0.500	0.159	0.252	0.204	0.479	0.172	0.181	0.153	0.135	600 Read#31

600
Kinetic read 32 (15:30:00)
	1	2	3	4	5	6	7	8	9	10	11	12
A	0.162	0.376	0.145	0.459	0.163	0.374	0.227	0.455	0.177	0.170	0.107	0.149	600 Read#32
B	0.136	0.569	0.168	0.483	0.165	0.195	0.217	0.520	0.173	0.186	0.141	0.142	600 Read#32
C	0.153	0.568	0.166	0.430	0.165	0.202	0.222	0.541	0.172	0.193	0.149	0.119	600 Read#32
D	0.188	0.568	0.172	0.468	0.169	0.190	0.206	0.446	0.177	0.207	0.155	0.151	600 Read#32
E	0.123	0.567	0.169	0.467	0.167	0.198	0.213	0.486	0.185	0.189	0.158	0.111	600 Read#32
F	0.107	0.524	0.157	0.454	0.173	0.220	0.234	0.518	0.173	0.196	0.155	0.094	600 Read#32
G	0.110	0.515	0.157	0.476	0.166	0.241	0.213	0.448	0.171	0.204	0.161	0.094	600 Read#32
H	0.104	0.368	0.154	0.501	0.159	0.273	0.206	0.496	0.173	0.180	0.152	0.100	600 Read#32

600
Kinetic read 33 (16:00:00)
	1	2	3	4	5	6	7	8	9	10	11	12
A	0.169	0.353	0.144	0.439	0.162	0.397	0.226	0.456	0.176	0.168	0.113	0.149	600 Read#33
B	0.129	0.561	0.167	0.475	0.165	0.195	0.218	0.522	0.171	0.185	0.137	0.142	600 Read#33
C	0.146	0.573	0.166	0.427	0.164	0.202	0.221	0.536	0.172	0.193	0.147	0.119	600 Read#33
D	0.163	0.564	0.172	0.462	0.170	0.190	0.205	0.446	0.177	0.207	0.153	0.153	600 Read#33
E	0.115	0.563	0.170	0.461	0.168	0.200	0.213	0.484	0.185	0.188	0.157	0.105	600 Read#33
F	0.104	0.513	0.158	0.452	0.173	0.228	0.234	0.501	0.173	0.198	0.154	0.095	600 Read#33
G	0.117	0.500	0.156	0.473	0.166	0.253	0.211	0.495	0.171	0.203	0.160	0.095	600 Read#33
H	0.115	0.344	0.153	0.494	0.159	0.298	0.208	0.469	0.176	0.180	0.148	0.097	600 Read#33

600
Kinetic read 34 (16:30:00)
	1	2	3	4	5	6	7	8	9	10	11	12
A	0.158	0.330	0.142	0.437	0.160	0.429	0.226	0.445	0.176	0.164	0.099	0.150	600 Read#34
B	0.122	0.550	0.167	0.474	0.165	0.198	0.218	0.512	0.174	0.184	0.133	0.143	600 Read#34
C	0.139	0.562	0.166	0.419	0.164	0.202	0.222	0.535	0.170	0.194	0.145	0.119	600 Read#34
D	0.174	0.551	0.172	0.458	0.172	0.191	0.205	0.441	0.177	0.207	0.153	0.154	600 Read#34
E	0.142	0.555	0.169	0.457	0.167	0.201	0.212	0.494	0.185	0.189	0.156	0.105	600 Read#34
F	0.093	0.500	0.159	0.445	0.173	0.238	0.233	0.512	0.173	0.194	0.153	0.096	600 Read#34
G	0.137	0.482	0.155	0.468	0.166	0.272	0.211	0.448	0.170	0.203	0.158	0.095	600 Read#34
H	0.142	0.324	0.152	0.490	0.159	0.318	0.209	0.470	0.176	0.178	0.148	0.095	600 Read#34

600
Kinetic read 35 (17:00:00)
	1	2	3	4	5	6	7	8	9	10	11	12
A	0.156	0.308	0.141	0.429	0.161	0.457	0.226	0.438	0.177	0.162	0.096	0.151	600 Read#35
B	0.111	0.539	0.167	0.467	0.165	0.200	0.216	0.511	0.175	0.184	0.129	0.144	600 Read#35
C	0.132	0.552	0.166	0.414	0.164	0.202	0.222	0.542	0.171	0.184	0.142	0.120	600 Read#35
D	0.153	0.540	0.172	0.459	0.169	0.190	0.205	0.444	0.177	0.208	0.151	0.156	600 Read#35
E	0.127	0.547	0.168	0.452	0.167	0.203	0.212	0.488	0.186	0.190	0.155	0.133	600 Read#35
F	0.092	0.489	0.156	0.443	0.173	0.255	0.233	0.509	0.173	0.195	0.152	0.098	600 Read#35
G	0.150	0.463	0.157	0.462	0.166	0.297	0.210	0.476	0.170	0.202	0.157	0.096	600 Read#35
H	0.153	0.302	0.151	0.487	0.158	0.340	0.210	0.472	0.178	0.176	0.144	0.097	600 Read#35

600
Kinetic read 36 (17:30:00)
	1	2	3	4	5	6	7	8	9	10	11	12
A	0.135	0.291	0.141	0.426	0.163	0.503	0.226	0.411	0.176	0.161	0.097	0.151	600 Read#36
B	0.130	0.525	0.167	0.468	0.165	0.205	0.219	0.502	0.175	0.183	0.123	0.146	600 Read#36
C	0.123	0.542	0.166	0.412	0.165	0.203	0.223	0.530	0.171	0.183	0.139	0.120	600 Read#36
D	0.144	0.533	0.172	0.456	0.188	0.191	0.204	0.448	0.177	0.207	0.150	0.158	600 Read#36
E	0.123	0.539	0.168	0.451	0.168	0.207	0.212	0.511	0.185	0.191	0.154	0.168	600 Read#36
F	0.102	0.474	0.157	0.438	0.172	0.278	0.233	0.499	0.173	0.197	0.151	0.100	600 Read#36
G	0.159	0.444	0.156	0.461	0.166	0.335	0.211	0.475	0.170	0.202	0.156	0.098	600 Read#36
H	0.160	0.281	0.150	0.475	0.159	0.364	0.211	0.470	0.178	0.176	0.140	0.098	600 Read#36

600
Kinetic read 37 (18:00:00)
	1	2	3	4	5	6	7	8	9	10	11	12
A	0.129	0.276	0.137	0.415	0.161	0.537	0.226	0.410	0.173	0.161	0.108	0.152	600 Read#37
B	0.104	0.512	0.167	0.457	0.164	0.211	0.217	0.497	0.174	0.184	0.116	0.147	600 Read#37
C	0.148	0.531	0.166	0.409	0.164	0.204	0.223	0.548	0.170	0.181	0.136	0.120	600 Read#37
D	0.130	0.522	0.172	0.455	0.187	0.191	0.204	0.447	0.177	0.207	0.148	0.160	600 Read#37
E	0.132	0.528	0.167	0.451	0.168	0.213	0.212	0.478	0.185	0.190	0.152	0.179	600 Read#37
F	0.114	0.457	0.156	0.435	0.173	0.310	0.232	0.495	0.173	0.197	0.149	0.100	600 Read#37
G	0.162	0.421	0.154	0.453	0.166	0.373	0.210	0.455	0.170	0.202	0.155	0.099	600 Read#37
H	0.163	0.262	0.148	0.491	0.158	0.395	0.213	0.480	0.179	0.175	0.136	0.100	600 Read#37

600
Kinetic read 38 (18:30:00)
	1	2	3	4	5	6	7	8	9	10	11	12
A	0.141	0.259	0.135	0.408	0.158	0.545	0.226	0.419	0.175	0.159	0.132	0.152	600 Read#38
B	0.104	0.498	0.167	0.472	0.164	0.219	0.217	0.505	0.176	0.182	0.107	0.147	600 Read#38
C	0.110	0.521	0.166	0.406	0.164	0.207	0.228	0.529	0.170	0.181	0.131	0.121	600 Read#38
D	0.120	0.506	0.173	0.453	0.186	0.191	0.204	0.449	0.177	0.208	0.146	0.161	600 Read#38
E	0.159	0.514	0.167	0.437	0.168	0.220	0.211	0.521	0.185	0.189	0.151	0.182	600 Read#38
F	0.123	0.441	0.156	0.432	0.172	0.351	0.232	0.511	0.173	0.195	0.147	0.100	600 Read#38
G	0.164	0.398	0.154	0.447	0.166	0.410	0.210	0.441	0.170	0.203	0.153	0.099	600 Read#38
H	0.166	0.240	0.146	0.483	0.158	0.430	0.213	0.480	0.179	0.174	0.132	0.101	600 Read#38

600
Kinetic read 39 (19:00:00)
	1	2	3	4	5	6	7	8	9	10	11	12
A	0.128	0.241	0.134	0.398	0.158	0.582	0.225	0.404	0.174	0.155	0.155	0.153	600 Read#39
B	0.108	0.486	0.167	0.463	0.163	0.232	0.217	0.500	0.178	0.180	0.115	0.148	600 Read#39
C	0.108	0.512	0.166	0.402	0.164	0.211	0.231	0.556	0.170	0.179	0.126	0.121	600 Read#39
D	0.161	0.496	0.173	0.447	0.186	0.192	0.204	0.446	0.177	0.207	0.144	0.162	600 Read#39
E	0.177	0.500	0.166	0.432	0.167	0.235	0.211	0.476	0.186	0.189	0.149	0.188	600 Read#39
F	0.127	0.425	0.156	0.431	0.173	0.398	0.232	0.502	0.173	0.195	0.145	0.102	600 Read#39
G	0.166	0.381	0.154	0.451	0.166	0.464	0.211	0.446	0.170	0.201	0.151	0.100	600 Read#39
H	0.168	0.215	0.145	0.467	0.158	0.464	0.213	0.455	0.179	0.171	0.127	0.102	600 Read#39

600
Kinetic read 40 (19:30:00)
	1	2	3	4	5	6	7	8	9	10	11	12
A	0.129	0.221	0.135	0.384	0.156	0.639	0.225	0.390	0.174	0.152	0.156	0.154	600 Read#40
B	0.139	0.473	0.166	0.464	0.164	0.249	0.217	0.510	0.179	0.175	0.095	0.149	600 Read#40
C	0.110	0.497	0.166	0.401	0.164	0.215	0.256	0.511	0.169	0.178	0.121	0.121	600 Read#40
D	0.102	0.495	0.173	0.455	0.185	0.193	0.204	0.458	0.177	0.208	0.141	0.163	600 Read#40
E	0.186	0.485	0.166	0.428	0.168	0.253	0.211	0.526	0.186	0.188	0.148	0.189	600 Read#40
F	0.129	0.409	0.155	0.406	0.173	0.416	0.232	0.496	0.173	0.194	0.143	0.102	600 Read#40
G	0.167	0.367	0.152	0.457	0.166	0.477	0.212	0.447	0.169	0.202	0.149	0.100	600 Read#40
H	0.170	0.188	0.141	0.453	0.157	0.512	0.213	0.451	0.181	0.169	0.121	0.102	600 Read#40

600
Kinetic read 41 (20:00:00)
	1	2	3	4	5	6	7	8	9	10	11	12
A	0.161	0.194	0.129	0.377	0.155	0.645	0.225	0.411	0.175	0.147	0.160	0.154	600 Read#41
B	0.151	0.459	0.166	0.462	0.164	0.273	0.217	0.502	0.177	0.172	0.093	0.150	600 Read#41
C	0.134	0.485	0.166	0.397	0.164	0.223	0.254	0.525	0.168	0.179	0.114	0.122	600 Read#41
D	0.098	0.468	0.173	0.453	0.183	0.194	0.203	0.439	0.177	0.209	0.138	0.164	600 Read#41
E	0.191	0.472	0.164	0.423	0.167	0.281	0.211	0.502	0.186	0.189	0.145	0.189	600 Read#41
F	0.131	0.391	0.155	0.407	0.172	0.430	0.231	0.502	0.173	0.192	0.141	0.102	600 Read#41
G	0.168	0.354	0.152	0.442	0.166	0.470	0.212	0.438	0.171	0.202	0.146	0.100	600 Read#41
H	0.171	0.144	0.140	0.462	0.157	0.542	0.213	0.488	0.180	0.167	0.114	0.103	600 Read#41

600
Kinetic read 42 (0:00:00)
	1	2	3	4	5	6	7	8	9	10	11	12
A													600 Read#42
B													600 Read#42
C													600 Read#42
D													600 Read#42
E													600 Read#42
F													600 Read#42
G													600 Read#42
H													600 Read#42

600
Kinetic read 43 (0:00:00)
	1	2	3	4	5	6	7	8	9	10	11	12
A													600 Read#43
B													600 Read#43
C													600 Read#43
D													600 Read#43
E													600 Read#43
F													600 Read#43
G													600 Read#43
H													600 Read#43

600
Kinetic read 44 (0:00:00)
	1	2	3	4	5	6	7	8	9	10	11	12
A													600 Read#44
B													600 Read#44
C													600 Read#44
D													600 Read#44
E													600 Read#44
F													600 Read#44
G													600 Read#44
H													600 Read#44

600
Kinetic read 45 (0:00:00)
	1	2	3	4	5	6	7	8	9	10	11	12
A													600 Read#45
B													600 Read#45
C													600 Read#45
D													600 Read#45
E													600 Read#45
F													600 Read#45
G													600 Read#45
H													600 Read#45

600
Kinetic read 46 (0:00:00)
	1	2	3	4	5	6	7	8	9	10	11	12
A													600 Read#46
B													600 Read#46
C													600 Read#46
D													600 Read#46
E													600 Read#46
F													600 Read#46
G													600 Read#46
H													600 Read#46

600
Kinetic read 47 (0:00:00)
	1	2	3	4	5	6	7	8	9	10	11	12
A													600 Read#47
B													600 Read#47
C													600 Read#47
D													600 Read#47
E													600 Read#47
F													600 Read#47
G													600 Read#47
H													600 Read#47

600
Kinetic read 48 (0:00:00)
	1	2	3	4	5	6	7	8	9	10	11	12
A													600 Read#48
B													600 Read#48
C													600 Read#48
D													600 Read#48
E													600 Read#48
F													600 Read#48
G													600 Read#48
H													600 Read#48

600
Kinetic read 49 (0:00:00)
	1	2	3	4	5	6	7	8	9	10	11	12
A													600 Read#49
B													600 Read#49
C													600 Read#49
D													600 Read#49
E													600 Read#49
F													600 Read#49
G													600 Read#49
H													600 Read#49

600

Kinetic read	A1	A2	A3	A4	A5	A6	A7	A8	A9	A10	A11	A12	B1	B2	B3	B4	B5	B6	B7	B8	B9	B10	B11	B12	C1	C2	C3	C4	C5	C6	C7	C8	C9	C10	C11	C12	D1	D2	D3	D4	D5	D6	D7	D8	D9	D10	D11	D12	E1	E2	E3	E4	E5	E6	E7	E8	E9	E10	E11	E12	F1	F2	F3	F4	F5	F6	F7	F8	F9	F10	F11	F12	G1	G2	G3	G4	G5	G6	G7	G8	G9	G10	G11	G12	H1	H2	H3	H4	H5	H6	H7	H8	H9	H10	H11	H12
0:00:00	0.164	0.186	0.164	0.194	0.166	0.206	0.173	0.208	0.168	0.204	0.166	0.195	0.168	0.222	0.180	0.196	0.166	0.201	0.173	0.203	0.173	0.192	0.166	0.196	0.169	0.202	0.167	0.194	0.166	0.198	0.169	0.197	0.167	0.200	0.166	0.196	0.167	0.204	0.173	0.202	0.175	0.191	0.168	0.202	0.179	0.205	0.165	0.198	0.167	0.198	0.166	0.203	0.168	0.196	0.167	0.194	0.179	0.203	0.167	0.202	0.167	0.197	0.173	0.203	0.168	0.205	0.165	0.198	0.179	0.214	0.165	0.205	0.171	0.199	0.168	0.197	0.167	0.210	0.173	0.199	0.171	0.204	0.170	0.200	0.167	0.199	0.164	0.204	0.163	0.205	0.171	0.198	0.172	0.280	0.169	0.201
0:30:00	0.164	0.189	0.163	0.197	0.165	0.208	0.174	0.210	0.168	0.213	0.166	0.214	0.168	0.222	0.170	0.196	0.164	0.201	0.174	0.206	0.172	0.190	0.165	0.194	0.168	0.207	0.167	0.196	0.163	0.199	0.172	0.198	0.163	0.199	0.166	0.195	0.167	0.207	0.172	0.205	0.168	0.191	0.170	0.205	0.174	0.203	0.165	0.200	0.167	0.202	0.166	0.206	0.166	0.195	0.169	0.198	0.176	0.198	0.166	0.204	0.167	0.200	0.170	0.202	0.165	0.204	0.167	0.202	0.175	0.215	0.165	0.209	0.171	0.202	0.167	0.199	0.164	0.209	0.174	0.202	0.175	0.204	0.170	0.203	0.167	0.203	0.163	0.205	0.162	0.204	0.172	0.202	0.171	0.240	0.169	0.203
1:00:00	0.164	0.196	0.163	0.201	0.165	0.208	0.175	0.213	0.168	0.212	0.166	0.225	0.168	0.231	0.169	0.205	0.164	0.202	0.175	0.210	0.169	0.190	0.165	0.197	0.169	0.211	0.166	0.199	0.163	0.201	0.173	0.201	0.163	0.197	0.166	0.199	0.167	0.213	0.171	0.210	0.167	0.192	0.172	0.210	0.174	0.204	0.165	0.203	0.167	0.208	0.165	0.209	0.165	0.196	0.171	0.202	0.176	0.199	0.166	0.207	0.167	0.205	0.169	0.206	0.165	0.205	0.169	0.206	0.174	0.214	0.165	0.212	0.171	0.207	0.167	0.203	0.163	0.210	0.176	0.206	0.173	0.204	0.170	0.206	0.167	0.208	0.157	0.210	0.161	0.206	0.172	0.205	0.171	0.212	0.169	0.207
1:30:00	0.164	0.208	0.163	0.208	0.165	0.210	0.176	0.216	0.168	0.202	0.167	0.218	0.168	0.238	0.169	0.213	0.164	0.203	0.177	0.215	0.169	0.190	0.165	0.200	0.169	0.219	0.166	0.206	0.163	0.202	0.175	0.206	0.166	0.197	0.165	0.203	0.167	0.220	0.171	0.217	0.167	0.192	0.173	0.218	0.173	0.203	0.165	0.207	0.167	0.215	0.165	0.218	0.165	0.197	0.172	0.207	0.175	0.200	0.166	0.213	0.167	0.213	0.168	0.214	0.165	0.205	0.170	0.210	0.177	0.213	0.165	0.217	0.171	0.216	0.166	0.211	0.164	0.211	0.177	0.209	0.174	0.202	0.170	0.212	0.168	0.215	0.156	0.217	0.161	0.207	0.174	0.210	0.172	0.210	0.168	0.214
2:00:00	0.164	0.217	0.163	0.219	0.165	0.213	0.177	0.239	0.169	0.201	0.167	0.210	0.169	0.255	0.169	0.221	0.164	0.203	0.178	0.225	0.171	0.192	0.165	0.206	0.169	0.231	0.166	0.220	0.164	0.203	0.176	0.213	0.167	0.197	0.166	0.209	0.168	0.236	0.171	0.229	0.167	0.193	0.175	0.234	0.174	0.202	0.165	0.213	0.167	0.228	0.165	0.228	0.165	0.197	0.173	0.214	0.176	0.209	0.167	0.221	0.167	0.226	0.168	0.225	0.165	0.207	0.171	0.223	0.176	0.214	0.165	0.226	0.171	0.229	0.166	0.222	0.165	0.211	0.179	0.217	0.175	0.202	0.170	0.221	0.167	0.227	0.156	0.228	0.161	0.207	0.175	0.218	0.175	0.203	0.168	0.224
2:30:00	0.169	0.237	0.163	0.241	0.165	0.214	0.178	0.254	0.169	0.200	0.166	0.219	0.168	0.275	0.169	0.233	0.164	0.204	0.179	0.237	0.172	0.192	0.165	0.213	0.169	0.250	0.166	0.241	0.163	0.203	0.177	0.234	0.167	0.196	0.165	0.217	0.168	0.252	0.171	0.247	0.167	0.193	0.176	0.254	0.174	0.202	0.165	0.223	0.168	0.249	0.165	0.247	0.165	0.197	0.174	0.223	0.175	0.207	0.166	0.233	0.167	0.247	0.168	0.245	0.165	0.207	0.172	0.243	0.175	0.210	0.165	0.237	0.171	0.249	0.166	0.239	0.164	0.213	0.180	0.228	0.175	0.200	0.170	0.233	0.168	0.244	0.155	0.253	0.161	0.208	0.175	0.229	0.178	0.203	0.168	0.239
3:00:00	0.167	0.264	0.163	0.270	0.165	0.214	0.179	0.274	0.170	0.199	0.165	0.229	0.168	0.309	0.169	0.247	0.164	0.204	0.180	0.269	0.171	0.193	0.165	0.223	0.169	0.277	0.166	0.271	0.163	0.203	0.178	0.256	0.168	0.194	0.165	0.227	0.168	0.282	0.171	0.276	0.167	0.193	0.177	0.271	0.174	0.202	0.165	0.236	0.168	0.280	0.165	0.291	0.166	0.198	0.175	0.239	0.175	0.209	0.166	0.250	0.167	0.275	0.167	0.277	0.165	0.208	0.173	0.276	0.176	0.208	0.165	0.254	0.171	0.277	0.166	0.257	0.164	0.213	0.181	0.253	0.176	0.202	0.170	0.249	0.167	0.267	0.162	0.274	0.161	0.208	0.176	0.250	0.177	0.204	0.170	0.261
3:30:00	0.168	0.307	0.163	0.324	0.165	0.213	0.182	0.299	0.170	0.199	0.165	0.245	0.169	0.350	0.169	0.263	0.164	0.204	0.181	0.298	0.171	0.194	0.165	0.236	0.169	0.319	0.167	0.319	0.163	0.204	0.179	0.292	0.168	0.198	0.165	0.243	0.170	0.321	0.171	0.316	0.167	0.193	0.180	0.304	0.174	0.202	0.165	0.255	0.168	0.324	0.164	0.341	0.166	0.198	0.176	0.264	0.175	0.204	0.166	0.274	0.167	0.318	0.168	0.313	0.165	0.209	0.175	0.324	0.177	0.209	0.165	0.279	0.171	0.323	0.166	0.280	0.165	0.214	0.186	0.303	0.175	0.205	0.170	0.272	0.167	0.314	0.156	0.364	0.161	0.208	0.177	0.299	0.177	0.204	0.169	0.297
4:00:00	0.171	0.362	0.163	0.380	0.165	0.214	0.186	0.361	0.171	0.205	0.166	0.257	0.168	0.394	0.169	0.283	0.164	0.204	0.183	0.367	0.169	0.195	0.164	0.252	0.169	0.374	0.167	0.390	0.164	0.203	0.180	0.351	0.169	0.198	0.165	0.261	0.174	0.378	0.171	0.361	0.168	0.193	0.183	0.344	0.175	0.202	0.165	0.278	0.169	0.382	0.165	0.394	0.166	0.198	0.177	0.300	0.175	0.208	0.166	0.312	0.167	0.377	0.168	0.366	0.166	0.211	0.182	0.375	0.177	0.207	0.165	0.308	0.171	0.384	0.166	0.310	0.165	0.214	0.191	0.331	0.175	0.201	0.169	0.305	0.167	0.383	0.160	0.419	0.161	0.208	0.177	0.341	0.177	0.205	0.169	0.337
4:30:00	0.170	0.426	0.163	0.410	0.165	0.213	0.193	0.404	0.171	0.208	0.164	0.281	0.168	0.464	0.168	0.326	0.164	0.203	0.187	0.398	0.167	0.195	0.164	0.265	0.169	0.431	0.167	0.411	0.164	0.204	0.183	0.389	0.170	0.200	0.165	0.281	0.177	0.441	0.171	0.418	0.168	0.194	0.189	0.390	0.175	0.201	0.165	0.309	0.169	0.446	0.165	0.416	0.166	0.198	0.178	0.343	0.175	0.207	0.166	0.353	0.167	0.452	0.167	0.427	0.166	0.211	0.188	0.403	0.177	0.216	0.164	0.354	0.171	0.455	0.166	0.346	0.165	0.215	0.195	0.380	0.173	0.206	0.170	0.346	0.166	0.419	0.156	0.403	0.161	0.208	0.178	0.365	0.177	0.205	0.169	0.377
5:00:00	0.169	0.480	0.164	0.471	0.165	0.213	0.200	0.414	0.172	0.208	0.163	0.322	0.168	0.510	0.168	0.332	0.164	0.202	0.193	0.416	0.167	0.196	0.164	0.278	0.169	0.481	0.167	0.428	0.164	0.203	0.187	0.412	0.170	0.200	0.164	0.304	0.184	0.494	0.171	0.458	0.171	0.193	0.194	0.421	0.175	0.202	0.164	0.333	0.168	0.506	0.164	0.450	0.167	0.198	0.179	0.372	0.175	0.205	0.166	0.389	0.166	0.492	0.167	0.468	0.166	0.210	0.197	0.457	0.177	0.211	0.164	0.394	0.170	0.505	0.166	0.382	0.165	0.215	0.202	0.393	0.174	0.200	0.169	0.379	0.166	0.477	0.159	0.389	0.161	0.208	0.178	0.379	0.176	0.207	0.169	0.437
5:30:00	0.166	0.539	0.162	0.493	0.165	0.213	0.207	0.417	0.172	0.207	0.162	0.313	0.168	0.557	0.168	0.379	0.165	0.202	0.198	0.417	0.168	0.195	0.164	0.280	0.169	0.520	0.167	0.383	0.165	0.204	0.192	0.431	0.171	0.200	0.164	0.312	0.183	0.529	0.171	0.475	0.168	0.193	0.198	0.445	0.175	0.202	0.165	0.347	0.168	0.554	0.179	0.494	0.167	0.198	0.181	0.396	0.176	0.199	0.166	0.416	0.166	0.541	0.168	0.507	0.166	0.209	0.206	0.480	0.177	0.211	0.164	0.408	0.170	0.560	0.166	0.399	0.165	0.214	0.206	0.426	0.173	0.204	0.169	0.403	0.165	0.522	0.156	0.412	0.161	0.209	0.179	0.404	0.176	0.208	0.167	0.443
6:00:00	0.168	0.575	0.162	0.530	0.165	0.214	0.212	0.432	0.173	0.208	0.162	0.283	0.168	0.597	0.168	0.482	0.165	0.201	0.202	0.470	0.170	0.195	0.163	0.274	0.169	0.554	0.167	0.385	0.165	0.203	0.197	0.471	0.170	0.202	0.164	0.317	0.189	0.572	0.171	0.475	0.169	0.193	0.202	0.445	0.175	0.202	0.164	0.358	0.167	0.595	0.192	0.466	0.167	0.197	0.184	0.421	0.176	0.200	0.166	0.438	0.166	0.587	0.167	0.470	0.167	0.210	0.213	0.477	0.177	0.209	0.164	0.426	0.169	0.591	0.166	0.409	0.165	0.214	0.208	0.441	0.173	0.205	0.169	0.420	0.165	0.560	0.156	0.454	0.161	0.208	0.180	0.419	0.175	0.209	0.168	0.476
6:30:00	0.169	0.608	0.161	0.521	0.164	0.215	0.216	0.450	0.173	0.211	0.162	0.269	0.168	0.619	0.168	0.465	0.165	0.200	0.206	0.507	0.169	0.195	0.163	0.259	0.169	0.577	0.167	0.393	0.165	0.204	0.201	0.495	0.172	0.200	0.164	0.316	0.186	0.611	0.172	0.501	0.169	0.193	0.203	0.427	0.176	0.202	0.164	0.357	0.167	0.627	0.184	0.446	0.167	0.198	0.186	0.452	0.176	0.202	0.165	0.459	0.165	0.608	0.167	0.466	0.167	0.210	0.217	0.511	0.176	0.203	0.164	0.441	0.168	0.625	0.166	0.434	0.165	0.215	0.211	0.451	0.172	0.206	0.169	0.428	0.164	0.602	0.157	0.458	0.161	0.208	0.180	0.455	0.175	0.208	0.166	0.494
7:00:00	0.170	0.628	0.162	0.579	0.164	0.214	0.219	0.457	0.173	0.209	0.164	0.253	0.167	0.653	0.168	0.427	0.165	0.199	0.208	0.524	0.169	0.195	0.162	0.242	0.169	0.614	0.167	0.456	0.165	0.204	0.204	0.506	0.172	0.200	0.163	0.300	0.186	0.643	0.171	0.539	0.168	0.193	0.205	0.431	0.176	0.202	0.164	0.347	0.168	0.658	0.184	0.466	0.167	0.197	0.189	0.476	0.176	0.193	0.165	0.468	0.164	0.642	0.166	0.496	0.167	0.209	0.221	0.504	0.177	0.201	0.163	0.441	0.167	0.659	0.166	0.465	0.165	0.215	0.212	0.445	0.172	0.209	0.169	0.429	0.164	0.621	0.155	0.450	0.161	0.209	0.181	0.472	0.175	0.206	0.166	0.502
7:30:00	0.166	0.645	0.165	0.593	0.164	0.216	0.221	0.481	0.174	0.207	0.163	0.232	0.167	0.671	0.169	0.444	0.165	0.198	0.211	0.551	0.169	0.193	0.162	0.219	0.168	0.637	0.167	0.466	0.165	0.203	0.207	0.490	0.174	0.201	0.163	0.281	0.187	0.675	0.172	0.571	0.169	0.192	0.206	0.464	0.176	0.202	0.164	0.333	0.167	0.684	0.179	0.489	0.167	0.197	0.193	0.520	0.177	0.203	0.165	0.467	0.164	0.661	0.166	0.513	0.168	0.207	0.223	0.532	0.175	0.203	0.163	0.430	0.167	0.681	0.166	0.463	0.165	0.215	0.213	0.425	0.171	0.200	0.168	0.416	0.163	0.634	0.156	0.513	0.161	0.210	0.181	0.493	0.176	0.204	0.166	0.504
8:00:00	0.166	0.647	0.163	0.597	0.164	0.215	0.223	0.501	0.173	0.206	0.161	0.207	0.166	0.690	0.169	0.470	0.164	0.198	0.212	0.535	0.169	0.192	0.162	0.191	0.167	0.657	0.168	0.481	0.165	0.203	0.206	0.526	0.175	0.198	0.163	0.253	0.185	0.684	0.171	0.565	0.168	0.193	0.207	0.493	0.176	0.202	0.163	0.304	0.167	0.691	0.182	0.511	0.167	0.197	0.196	0.501	0.178	0.197	0.165	0.452	0.163	0.659	0.166	0.515	0.168	0.207	0.225	0.563	0.175	0.201	0.163	0.410	0.166	0.682	0.166	0.483	0.166	0.214	0.217	0.463	0.171	0.199	0.168	0.393	0.162	0.641	0.158	0.536	0.161	0.209	0.181	0.485	0.175	0.204	0.166	0.488
8:30:00	0.165	0.638	0.160	0.606	0.164	0.217	0.225	0.510	0.173	0.207	0.160	0.175	0.166	0.693	0.169	0.481	0.165	0.197	0.212	0.565	0.169	0.191	0.161	0.163	0.167	0.656	0.168	0.481	0.165	0.203	0.208	0.575	0.178	0.199	0.162	0.224	0.184	0.686	0.172	0.556	0.168	0.192	0.208	0.504	0.176	0.203	0.163	0.278	0.167	0.685	0.180	0.523	0.167	0.197	0.200	0.523	0.180	0.195	0.164	0.430	0.163	0.649	0.166	0.514	0.168	0.207	0.227	0.579	0.175	0.205	0.163	0.381	0.165	0.672	0.166	0.487	0.166	0.212	0.220	0.473	0.171	0.199	0.168	0.365	0.160	0.625	0.155	0.544	0.160	0.209	0.182	0.517	0.174	0.203	0.166	0.468
9:00:00	0.164	0.631	0.162	0.597	0.163	0.215	0.226	0.550	0.173	0.204	0.159	0.159	0.166	0.686	0.169	0.495	0.165	0.196	0.214	0.596	0.169	0.191	0.161	0.137	0.168	0.655	0.168	0.484	0.164	0.202	0.210	0.584	0.176	0.199	0.162	0.195	0.179	0.662	0.172	0.544	0.168	0.192	0.208	0.505	0.176	0.203	0.163	0.247	0.166	0.674	0.176	0.521	0.167	0.197	0.202	0.541	0.180	0.194	0.164	0.405	0.162	0.645	0.165	0.514	0.169	0.206	0.229	0.577	0.175	0.213	0.163	0.350	0.163	0.655	0.168	0.481	0.165	0.212	0.218	0.488	0.171	0.199	0.167	0.335	0.159	0.611	0.154	0.542	0.160	0.208	0.183	0.539	0.174	0.200	0.165	0.438
9:30:00	0.167	0.622	0.162	0.585	0.163	0.217	0.227	0.564	0.176	0.204	0.158	0.129	0.166	0.681	0.169	0.497	0.165	0.196	0.215	0.594	0.169	0.192	0.160	0.115	0.167	0.642	0.168	0.491	0.165	0.202	0.213	0.582	0.176	0.200	0.161	0.168	0.204	0.658	0.172	0.541	0.168	0.192	0.208	0.504	0.176	0.204	0.163	0.218	0.165	0.668	0.177	0.518	0.167	0.196	0.204	0.530	0.180	0.195	0.164	0.379	0.160	0.633	0.165	0.511	0.169	0.207	0.230	0.571	0.175	0.210	0.162	0.319	0.161	0.642	0.169	0.489	0.166	0.212	0.219	0.517	0.171	0.199	0.167	0.305	0.159	0.592	0.159	0.542	0.160	0.208	0.183	0.567	0.174	0.200	0.163	0.408
10:00:00	0.166	0.613	0.163	0.587	0.163	0.219	0.227	0.564	0.179	0.203	0.157	0.100	0.168	0.681	0.169	0.501	0.165	0.195	0.216	0.595	0.169	0.191	0.159	0.102	0.169	0.660	0.168	0.486	0.164	0.202	0.215	0.572	0.176	0.199	0.161	0.142	0.205	0.661	0.172	0.535	0.169	0.192	0.208	0.496	0.176	0.204	0.162	0.190	0.166	0.653	0.175	0.515	0.167	0.196	0.205	0.529	0.181	0.196	0.164	0.350	0.159	0.623	0.164	0.506	0.169	0.207	0.231	0.565	0.175	0.204	0.162	0.290	0.159	0.626	0.168	0.477	0.166	0.213	0.219	0.514	0.171	0.199	0.167	0.274	0.156	0.581	0.159	0.536	0.160	0.208	0.183	0.544	0.173	0.199	0.163	0.375
10:30:00	0.168	0.605	0.158	0.579	0.167	0.220	0.228	0.568	0.173	0.189	0.156	0.106	0.166	0.667	0.169	0.509	0.165	0.195	0.218	0.585	0.169	0.191	0.159	0.100	0.169	0.644	0.168	0.485	0.165	0.202	0.216	0.558	0.177	0.199	0.161	0.119	0.224	0.655	0.172	0.533	0.169	0.192	0.208	0.491	0.176	0.204	0.162	0.164	0.168	0.642	0.175	0.514	0.167	0.196	0.206	0.518	0.182	0.194	0.163	0.321	0.158	0.610	0.164	0.506	0.170	0.206	0.232	0.551	0.175	0.205	0.162	0.257	0.156	0.611	0.166	0.469	0.166	0.212	0.218	0.507	0.171	0.198	0.167	0.245	0.153	0.568	0.158	0.533	0.160	0.202	0.184	0.532	0.173	0.193	0.163	0.344
11:00:00	0.167	0.584	0.157	0.579	0.171	0.223	0.228	0.564	0.177	0.187	0.154	0.100	0.166	0.668	0.168	0.511	0.164	0.195	0.218	0.583	0.169	0.189	0.158	0.096	0.167	0.628	0.168	0.492	0.165	0.202	0.217	0.554	0.173	0.199	0.160	0.108	0.222	0.651	0.172	0.526	0.169	0.192	0.208	0.486	0.176	0.204	0.161	0.140	0.161	0.640	0.173	0.508	0.167	0.197	0.206	0.540	0.183	0.191	0.163	0.293	0.155	0.599	0.164	0.502	0.171	0.207	0.233	0.542	0.174	0.200	0.161	0.229	0.154	0.601	0.164	0.472	0.166	0.214	0.219	0.485	0.170	0.199	0.166	0.219	0.158	0.555	0.159	0.531	0.160	0.204	0.184	0.536	0.173	0.192	0.162	0.315
11:30:00	0.169	0.551	0.157	0.558	0.181	0.227	0.228	0.565	0.177	0.184	0.152	0.103	0.167	0.651	0.168	0.516	0.165	0.194	0.218	0.561	0.169	0.190	0.157	0.101	0.168	0.621	0.168	0.488	0.165	0.203	0.218	0.546	0.175	0.199	0.159	0.112	0.259	0.642	0.172	0.512	0.169	0.192	0.208	0.480	0.176	0.205	0.161	0.117	0.156	0.622	0.173	0.503	0.167	0.196	0.208	0.540	0.184	0.191	0.163	0.267	0.153	0.587	0.159	0.499	0.173	0.207	0.233	0.536	0.175	0.201	0.161	0.203	0.149	0.591	0.164	0.470	0.166	0.214	0.218	0.483	0.171	0.200	0.166	0.193	0.149	0.539	0.159	0.534	0.160	0.206	0.185	0.513	0.173	0.192	0.161	0.289
12:00:00	0.200	0.527	0.155	0.513	0.183	0.232	0.228	0.568	0.185	0.182	0.149	0.131	0.165	0.646	0.168	0.515	0.164	0.194	0.218	0.551	0.169	0.190	0.156	0.117	0.172	0.613	0.168	0.488	0.166	0.202	0.219	0.526	0.173	0.197	0.158	0.106	0.280	0.626	0.172	0.531	0.170	0.191	0.208	0.472	0.176	0.206	0.160	0.103	0.165	0.619	0.177	0.497	0.166	0.196	0.208	0.505	0.184	0.191	0.162	0.242	0.151	0.579	0.158	0.495	0.172	0.207	0.233	0.531	0.175	0.199	0.161	0.179	0.146	0.580	0.164	0.473	0.166	0.215	0.217	0.497	0.170	0.201	0.165	0.169	0.143	0.522	0.158	0.535	0.160	0.207	0.186	0.524	0.173	0.188	0.160	0.261
12:30:00	0.222	0.509	0.153	0.511	0.185	0.241	0.228	0.566	0.175	0.181	0.144	0.142	0.161	0.638	0.168	0.502	0.164	0.194	0.218	0.543	0.169	0.189	0.154	0.130	0.168	0.608	0.167	0.487	0.167	0.202	0.218	0.528	0.174	0.198	0.158	0.106	0.257	0.623	0.172	0.531	0.173	0.191	0.208	0.466	0.176	0.206	0.160	0.122	0.164	0.610	0.174	0.499	0.167	0.196	0.209	0.508	0.185	0.190	0.162	0.217	0.148	0.566	0.158	0.490	0.172	0.208	0.234	0.523	0.175	0.196	0.160	0.157	0.140	0.570	0.164	0.465	0.166	0.215	0.216	0.502	0.170	0.202	0.165	0.145	0.138	0.502	0.158	0.531	0.160	0.208	0.188	0.544	0.172	0.186	0.160	0.237
13:00:00	0.212	0.488	0.152	0.506	0.178	0.254	0.229	0.554	0.182	0.179	0.142	0.146	0.163	0.631	0.168	0.503	0.165	0.194	0.218	0.538	0.169	0.189	0.153	0.138	0.175	0.604	0.167	0.471	0.165	0.202	0.219	0.548	0.174	0.197	0.156	0.113	0.263	0.612	0.172	0.530	0.170	0.191	0.207	0.461	0.176	0.206	0.159	0.119	0.150	0.599	0.174	0.490	0.166	0.196	0.210	0.515	0.185	0.190	0.161	0.194	0.143	0.556	0.158	0.489	0.173	0.209	0.234	0.514	0.175	0.196	0.159	0.130	0.133	0.559	0.164	0.464	0.166	0.217	0.216	0.476	0.170	0.203	0.165	0.119	0.132	0.474	0.157	0.531	0.160	0.214	0.190	0.516	0.172	0.186	0.159	0.214
13:30:00	0.247	0.466	0.151	0.476	0.175	0.264	0.228	0.525	0.183	0.177	0.138	0.147	0.155	0.617	0.168	0.496	0.165	0.193	0.218	0.538	0.169	0.190	0.151	0.140	0.175	0.591	0.167	0.479	0.165	0.202	0.219	0.543	0.174	0.196	0.155	0.116	0.273	0.607	0.172	0.518	0.168	0.191	0.207	0.451	0.177	0.207	0.158	0.121	0.156	0.590	0.175	0.487	0.167	0.197	0.211	0.515	0.185	0.190	0.160	0.170	0.139	0.548	0.158	0.476	0.172	0.209	0.234	0.509	0.175	0.201	0.158	0.112	0.125	0.549	0.164	0.468	0.166	0.218	0.216	0.474	0.170	0.203	0.164	0.099	0.124	0.456	0.157	0.523	0.159	0.218	0.193	0.492	0.171	0.184	0.158	0.195
14:00:00	0.188	0.446	0.152	0.470	0.167	0.289	0.228	0.500	0.176	0.177	0.131	0.148	0.157	0.605	0.168	0.497	0.165	0.193	0.218	0.534	0.169	0.190	0.149	0.140	0.166	0.589	0.167	0.449	0.165	0.202	0.220	0.532	0.172	0.196	0.154	0.118	0.276	0.603	0.172	0.475	0.172	0.191	0.206	0.457	0.176	0.208	0.158	0.138	0.142	0.589	0.170	0.471	0.167	0.197	0.212	0.509	0.185	0.189	0.160	0.146	0.133	0.536	0.159	0.472	0.172	0.210	0.233	0.506	0.175	0.194	0.158	0.098	0.114	0.547	0.164	0.475	0.166	0.222	0.215	0.499	0.171	0.204	0.163	0.096	0.113	0.435	0.156	0.513	0.160	0.228	0.197	0.523	0.171	0.184	0.156	0.172
14:30:00	0.212	0.425	0.146	0.471	0.172	0.314	0.227	0.490	0.179	0.175	0.124	0.148	0.145	0.592	0.168	0.490	0.164	0.193	0.218	0.528	0.168	0.190	0.147	0.141	0.161	0.583	0.167	0.455	0.165	0.202	0.220	0.520	0.173	0.194	0.152	0.118	0.250	0.587	0.172	0.474	0.171	0.191	0.206	0.462	0.176	0.206	0.157	0.146	0.136	0.581	0.168	0.469	0.168	0.196	0.213	0.488	0.185	0.189	0.159	0.117	0.127	0.535	0.158	0.466	0.172	0.212	0.233	0.502	0.174	0.194	0.157	0.096	0.130	0.532	0.164	0.471	0.166	0.226	0.214	0.451	0.170	0.204	0.162	0.094	0.150	0.409	0.156	0.510	0.159	0.237	0.200	0.514	0.171	0.183	0.155	0.146
15:00:00	0.195	0.401	0.146	0.461	0.164	0.347	0.227	0.468	0.177	0.172	0.117	0.148	0.152	0.585	0.168	0.488	0.165	0.194	0.219	0.526	0.169	0.190	0.144	0.142	0.157	0.575	0.167	0.438	0.165	0.202	0.221	0.538	0.173	0.194	0.151	0.119	0.232	0.578	0.172	0.472	0.169	0.191	0.207	0.450	0.177	0.206	0.156	0.150	0.131	0.574	0.170	0.468	0.168	0.197	0.213	0.487	0.185	0.189	0.158	0.119	0.118	0.533	0.158	0.459	0.172	0.217	0.234	0.502	0.174	0.195	0.156	0.094	0.111	0.528	0.164	0.474	0.166	0.233	0.214	0.467	0.170	0.204	0.162	0.093	0.106	0.390	0.155	0.500	0.159	0.252	0.204	0.479	0.172	0.181	0.153	0.135
15:30:00	0.162	0.376	0.145	0.459	0.163	0.374	0.227	0.455	0.177	0.170	0.107	0.149	0.136	0.569	0.168	0.483	0.165	0.195	0.217	0.520	0.173	0.186	0.141	0.142	0.153	0.568	0.166	0.430	0.165	0.202	0.222	0.541	0.172	0.193	0.149	0.119	0.188	0.568	0.172	0.468	0.169	0.190	0.206	0.446	0.177	0.207	0.155	0.151	0.123	0.567	0.169	0.467	0.167	0.198	0.213	0.486	0.185	0.189	0.158	0.111	0.107	0.524	0.157	0.454	0.173	0.220	0.234	0.518	0.173	0.196	0.155	0.094	0.110	0.515	0.157	0.476	0.166	0.241	0.213	0.448	0.171	0.204	0.161	0.094	0.104	0.368	0.154	0.501	0.159	0.273	0.206	0.496	0.173	0.180	0.152	0.100
16:00:00	0.169	0.353	0.144	0.439	0.162	0.397	0.226	0.456	0.176	0.168	0.113	0.149	0.129	0.561	0.167	0.475	0.165	0.195	0.218	0.522	0.171	0.185	0.137	0.142	0.146	0.573	0.166	0.427	0.164	0.202	0.221	0.536	0.172	0.193	0.147	0.119	0.163	0.564	0.172	0.462	0.170	0.190	0.205	0.446	0.177	0.207	0.153	0.153	0.115	0.563	0.170	0.461	0.168	0.200	0.213	0.484	0.185	0.188	0.157	0.105	0.104	0.513	0.158	0.452	0.173	0.228	0.234	0.501	0.173	0.198	0.154	0.095	0.117	0.500	0.156	0.473	0.166	0.253	0.211	0.495	0.171	0.203	0.160	0.095	0.115	0.344	0.153	0.494	0.159	0.298	0.208	0.469	0.176	0.180	0.148	0.097
16:30:00	0.158	0.330	0.142	0.437	0.160	0.429	0.226	0.445	0.176	0.164	0.099	0.150	0.122	0.550	0.167	0.474	0.165	0.198	0.218	0.512	0.174	0.184	0.133	0.143	0.139	0.562	0.166	0.419	0.164	0.202	0.222	0.535	0.170	0.194	0.145	0.119	0.174	0.551	0.172	0.458	0.172	0.191	0.205	0.441	0.177	0.207	0.153	0.154	0.142	0.555	0.169	0.457	0.167	0.201	0.212	0.494	0.185	0.189	0.156	0.105	0.093	0.500	0.159	0.445	0.173	0.238	0.233	0.512	0.173	0.194	0.153	0.096	0.137	0.482	0.155	0.468	0.166	0.272	0.211	0.448	0.170	0.203	0.158	0.095	0.142	0.324	0.152	0.490	0.159	0.318	0.209	0.470	0.176	0.178	0.148	0.095
17:00:00	0.156	0.308	0.141	0.429	0.161	0.457	0.226	0.438	0.177	0.162	0.096	0.151	0.111	0.539	0.167	0.467	0.165	0.200	0.216	0.511	0.175	0.184	0.129	0.144	0.132	0.552	0.166	0.414	0.164	0.202	0.222	0.542	0.171	0.184	0.142	0.120	0.153	0.540	0.172	0.459	0.169	0.190	0.205	0.444	0.177	0.208	0.151	0.156	0.127	0.547	0.168	0.452	0.167	0.203	0.212	0.488	0.186	0.190	0.155	0.133	0.092	0.489	0.156	0.443	0.173	0.255	0.233	0.509	0.173	0.195	0.152	0.098	0.150	0.463	0.157	0.462	0.166	0.297	0.210	0.476	0.170	0.202	0.157	0.096	0.153	0.302	0.151	0.487	0.158	0.340	0.210	0.472	0.178	0.176	0.144	0.097
17:30:00	0.135	0.291	0.141	0.426	0.163	0.503	0.226	0.411	0.176	0.161	0.097	0.151	0.130	0.525	0.167	0.468	0.165	0.205	0.219	0.502	0.175	0.183	0.123	0.146	0.123	0.542	0.166	0.412	0.165	0.203	0.223	0.530	0.171	0.183	0.139	0.120	0.144	0.533	0.172	0.456	0.188	0.191	0.204	0.448	0.177	0.207	0.150	0.158	0.123	0.539	0.168	0.451	0.168	0.207	0.212	0.511	0.185	0.191	0.154	0.168	0.102	0.474	0.157	0.438	0.172	0.278	0.233	0.499	0.173	0.197	0.151	0.100	0.159	0.444	0.156	0.461	0.166	0.335	0.211	0.475	0.170	0.202	0.156	0.098	0.160	0.281	0.150	0.475	0.159	0.364	0.211	0.470	0.178	0.176	0.140	0.098
18:00:00	0.129	0.276	0.137	0.415	0.161	0.537	0.226	0.410	0.173	0.161	0.108	0.152	0.104	0.512	0.167	0.457	0.164	0.211	0.217	0.497	0.174	0.184	0.116	0.147	0.148	0.531	0.166	0.409	0.164	0.204	0.223	0.548	0.170	0.181	0.136	0.120	0.130	0.522	0.172	0.455	0.187	0.191	0.204	0.447	0.177	0.207	0.148	0.160	0.132	0.528	0.167	0.451	0.168	0.213	0.212	0.478	0.185	0.190	0.152	0.179	0.114	0.457	0.156	0.435	0.173	0.310	0.232	0.495	0.173	0.197	0.149	0.100	0.162	0.421	0.154	0.453	0.166	0.373	0.210	0.455	0.170	0.202	0.155	0.099	0.163	0.262	0.148	0.491	0.158	0.395	0.213	0.480	0.179	0.175	0.136	0.100
18:30:00	0.141	0.259	0.135	0.408	0.158	0.545	0.226	0.419	0.175	0.159	0.132	0.152	0.104	0.498	0.167	0.472	0.164	0.219	0.217	0.505	0.176	0.182	0.107	0.147	0.110	0.521	0.166	0.406	0.164	0.207	0.228	0.529	0.170	0.181	0.131	0.121	0.120	0.506	0.173	0.453	0.186	0.191	0.204	0.449	0.177	0.208	0.146	0.161	0.159	0.514	0.167	0.437	0.168	0.220	0.211	0.521	0.185	0.189	0.151	0.182	0.123	0.441	0.156	0.432	0.172	0.351	0.232	0.511	0.173	0.195	0.147	0.100	0.164	0.398	0.154	0.447	0.166	0.410	0.210	0.441	0.170	0.203	0.153	0.099	0.166	0.240	0.146	0.483	0.158	0.430	0.213	0.480	0.179	0.174	0.132	0.101
19:00:00	0.128	0.241	0.134	0.398	0.158	0.582	0.225	0.404	0.174	0.155	0.155	0.153	0.108	0.486	0.167	0.463	0.163	0.232	0.217	0.500	0.178	0.180	0.115	0.148	0.108	0.512	0.166	0.402	0.164	0.211	0.231	0.556	0.170	0.179	0.126	0.121	0.161	0.496	0.173	0.447	0.186	0.192	0.204	0.446	0.177	0.207	0.144	0.162	0.177	0.500	0.166	0.432	0.167	0.235	0.211	0.476	0.186	0.189	0.149	0.188	0.127	0.425	0.156	0.431	0.173	0.398	0.232	0.502	0.173	0.195	0.145	0.102	0.166	0.381	0.154	0.451	0.166	0.464	0.211	0.446	0.170	0.201	0.151	0.100	0.168	0.215	0.145	0.467	0.158	0.464	0.213	0.455	0.179	0.171	0.127	0.102
19:30:00	0.129	0.221	0.135	0.384	0.156	0.639	0.225	0.390	0.174	0.152	0.156	0.154	0.139	0.473	0.166	0.464	0.164	0.249	0.217	0.510	0.179	0.175	0.095	0.149	0.110	0.497	0.166	0.401	0.164	0.215	0.256	0.511	0.169	0.178	0.121	0.121	0.102	0.495	0.173	0.455	0.185	0.193	0.204	0.458	0.177	0.208	0.141	0.163	0.186	0.485	0.166	0.428	0.168	0.253	0.211	0.526	0.186	0.188	0.148	0.189	0.129	0.409	0.155	0.406	0.173	0.416	0.232	0.496	0.173	0.194	0.143	0.102	0.167	0.367	0.152	0.457	0.166	0.477	0.212	0.447	0.169	0.202	0.149	0.100	0.170	0.188	0.141	0.453	0.157	0.512	0.213	0.451	0.181	0.169	0.121	0.102
20:00:00	0.161	0.194	0.129	0.377	0.155	0.645	0.225	0.411	0.175	0.147	0.160	0.154	0.151	0.459	0.166	0.462	0.164	0.273	0.217	0.502	0.177	0.172	0.093	0.150	0.134	0.485	0.166	0.397	0.164	0.223	0.254	0.525	0.168	0.179	0.114	0.122	0.098	0.468	0.173	0.453	0.183	0.194	0.203	0.439	0.177	0.209	0.138	0.164	0.191	0.472	0.164	0.423	0.167	0.281	0.211	0.502	0.186	0.189	0.145	0.189	0.131	0.391	0.155	0.407	0.172	0.430	0.231	0.502	0.173	0.192	0.141	0.102	0.168	0.354	0.152	0.442	0.166	0.470	0.212	0.438	0.171	0.202	0.146	0.100	0.171	0.144	0.140	0.462	0.157	0.542	0.213	0.488	0.180	0.167	0.114	0.103
0:00:00																																																																																																
0:00:00																																																																																																
0:00:00																																																																																																
0:00:00																																																																																																
0:00:00																																																																																																
0:00:00																																																																																																
0:00:00																																																																																																
0:00:00																																																																																																

