600
Kinetic read 1 (0:00:00)
	1	2	3	4	5	6	7	8	9	10	11	12
A	0.085	0.085	0.084	0.087	0.086	0.088	0.087	0.086	0.087	0.084	0.085	0.086	600 Read#1
B	0.086	0.085	0.086	0.086	0.085	0.087	0.087	0.086	0.087	0.085	0.087	0.085	600 Read#1
C	0.086	0.086	0.097	0.106	0.105	0.118	0.100	0.107	0.190	0.117	0.086	0.092	600 Read#1
D	0.086	0.087	0.097	0.108	0.117	0.115	0.100	0.108	0.182	0.130	0.087	0.086	600 Read#1
E	0.086	0.087	0.097	0.109	0.107	0.115	0.097	0.109	0.144	0.134	0.087	0.087	600 Read#1
F	0.086	0.086	0.094	0.108	0.105	0.118	0.098	0.108	0.145	0.168	0.087	0.086	600 Read#1
G	0.085	0.086	0.085	0.086	0.086	0.087	0.087	0.084	0.087	0.085	0.088	0.085	600 Read#1
H	0.088	0.085	0.084	0.087	0.087	0.087	0.086	0.086	0.086	0.084	0.086	0.087	600 Read#1

600
Kinetic read 2 (0:30:00)
	1	2	3	4	5	6	7	8	9	10	11	12
A	0.085	0.085	0.084	0.087	0.086	0.088	0.087	0.086	0.087	0.084	0.085	0.086	600 Read#2
B	0.086	0.085	0.086	0.086	0.085	0.087	0.087	0.086	0.087	0.085	0.086	0.085	600 Read#2
C	0.086	0.086	0.097	0.107	0.110	0.117	0.099	0.107	0.130	0.115	0.086	0.092	600 Read#2
D	0.088	0.087	0.097	0.109	0.115	0.114	0.099	0.108	0.151	0.122	0.087	0.086	600 Read#2
E	0.087	0.086	0.097	0.109	0.106	0.113	0.097	0.109	0.119	0.123	0.087	0.086	600 Read#2
F	0.086	0.086	0.094	0.108	0.105	0.120	0.097	0.107	0.155	0.167	0.087	0.085	600 Read#2
G	0.085	0.086	0.085	0.085	0.085	0.087	0.086	0.086	0.087	0.085	0.087	0.085	600 Read#2
H	0.088	0.085	0.083	0.087	0.086	0.087	0.086	0.085	0.086	0.084	0.087	0.086	600 Read#2

600
Kinetic read 3 (1:00:00)
	1	2	3	4	5	6	7	8	9	10	11	12
A	0.086	0.085	0.084	0.087	0.086	0.088	0.087	0.086	0.087	0.084	0.084	0.086	600 Read#3
B	0.086	0.085	0.086	0.086	0.085	0.087	0.087	0.086	0.087	0.085	0.086	0.085	600 Read#3
C	0.086	0.096	0.097	0.108	0.110	0.120	0.099	0.106	0.131	0.115	0.086	0.092	600 Read#3
D	0.111	0.111	0.097	0.111	0.112	0.114	0.097	0.107	0.148	0.119	0.087	0.086	600 Read#3
E	0.096	0.106	0.097	0.111	0.107	0.115	0.096	0.109	0.114	0.120	0.087	0.087	600 Read#3
F	0.086	0.086	0.094	0.109	0.105	0.120	0.097	0.106	0.154	0.163	0.087	0.085	600 Read#3
G	0.085	0.086	0.085	0.086	0.087	0.088	0.087	0.095	0.087	0.085	0.087	0.085	600 Read#3
H	0.089	0.085	0.083	0.087	0.086	0.087	0.086	0.094	0.086	0.083	0.087	0.087	600 Read#3

600
Kinetic read 4 (1:30:00)
	1	2	3	4	5	6	7	8	9	10	11	12
A	0.086	0.085	0.084	0.086	0.086	0.088	0.087	0.085	0.087	0.084	0.084	0.086	600 Read#4
B	0.086	0.085	0.087	0.086	0.085	0.086	0.087	0.086	0.086	0.084	0.086	0.084	600 Read#4
C	0.086	0.109	0.106	0.110	0.112	0.123	0.099	0.106	0.131	0.115	0.086	0.092	600 Read#4
D	0.086	0.132	0.107	0.114	0.110	0.117	0.097	0.107	0.142	0.115	0.087	0.086	600 Read#4
E	0.086	0.122	0.097	0.114	0.107	0.117	0.101	0.109	0.110	0.115	0.087	0.088	600 Read#4
F	0.085	0.086	0.094	0.111	0.106	0.121	0.098	0.106	0.145	0.155	0.087	0.085	600 Read#4
G	0.085	0.086	0.085	0.087	0.088	0.089	0.088	0.123	0.087	0.085	0.087	0.085	600 Read#4
H	0.087	0.084	0.083	0.087	0.086	0.087	0.086	0.113	0.086	0.085	0.085	0.086	600 Read#4

600
Kinetic read 5 (2:00:00)
	1	2	3	4	5	6	7	8	9	10	11	12
A	0.086	0.085	0.084	0.086	0.086	0.088	0.087	0.085	0.087	0.084	0.085	0.086	600 Read#5
B	0.086	0.085	0.091	0.089	0.085	0.087	0.087	0.086	0.087	0.085	0.086	0.085	600 Read#5
C	0.086	0.098	0.105	0.114	0.114	0.125	0.099	0.106	0.132	0.115	0.086	0.092	600 Read#5
D	0.086	0.136	0.101	0.116	0.110	0.120	0.097	0.107	0.139	0.114	0.087	0.086	600 Read#5
E	0.086	0.092	0.097	0.115	0.107	0.119	0.101	0.108	0.108	0.119	0.087	0.088	600 Read#5
F	0.085	0.086	0.094	0.115	0.106	0.123	0.099	0.106	0.139	0.152	0.087	0.085	600 Read#5
G	0.085	0.086	0.091	0.087	0.087	0.090	0.089	0.149	0.087	0.085	0.088	0.085	600 Read#5
H	0.087	0.085	0.083	0.087	0.086	0.087	0.086	0.132	0.086	0.084	0.085	0.086	600 Read#5

600
Kinetic read 6 (2:30:00)
	1	2	3	4	5	6	7	8	9	10	11	12
A	0.086	0.085	0.084	0.087	0.086	0.088	0.087	0.086	0.087	0.084	0.085	0.086	600 Read#6
B	0.086	0.085	0.086	0.086	0.085	0.087	0.087	0.086	0.087	0.085	0.086	0.085	600 Read#6
C	0.086	0.086	0.097	0.119	0.114	0.131	0.100	0.106	0.133	0.114	0.086	0.092	600 Read#6
D	0.086	0.087	0.097	0.121	0.108	0.127	0.098	0.108	0.135	0.113	0.087	0.087	600 Read#6
E	0.087	0.086	0.097	0.120	0.109	0.125	0.102	0.109	0.107	0.115	0.087	0.089	600 Read#6
F	0.086	0.086	0.094	0.119	0.105	0.126	0.099	0.106	0.140	0.146	0.087	0.086	600 Read#6
G	0.085	0.086	0.094	0.089	0.087	0.090	0.089	0.175	0.087	0.085	0.088	0.086	600 Read#6
H	0.087	0.085	0.083	0.087	0.088	0.087	0.087	0.158	0.086	0.084	0.100	0.087	600 Read#6

600
Kinetic read 7 (3:00:00)
	1	2	3	4	5	6	7	8	9	10	11	12
A	0.085	0.085	0.084	0.087	0.086	0.088	0.087	0.086	0.087	0.084	0.085	0.086	600 Read#7
B	0.086	0.085	0.086	0.086	0.085	0.087	0.087	0.086	0.087	0.085	0.086	0.085	600 Read#7
C	0.087	0.086	0.097	0.128	0.113	0.139	0.100	0.105	0.134	0.114	0.086	0.092	600 Read#7
D	0.086	0.087	0.097	0.129	0.108	0.132	0.098	0.107	0.132	0.112	0.087	0.087	600 Read#7
E	0.086	0.087	0.097	0.128	0.110	0.130	0.102	0.109	0.106	0.115	0.091	0.091	600 Read#7
F	0.086	0.086	0.094	0.127	0.104	0.132	0.098	0.106	0.133	0.145	0.087	0.086	600 Read#7
G	0.085	0.086	0.104	0.093	0.086	0.089	0.089	0.183	0.087	0.085	0.088	0.086	600 Read#7
H	0.087	0.085	0.083	0.088	0.088	0.087	0.087	0.162	0.086	0.084	0.105	0.091	600 Read#7

600
Kinetic read 8 (3:30:00)
	1	2	3	4	5	6	7	8	9	10	11	12
A	0.085	0.085	0.084	0.086	0.086	0.088	0.087	0.086	0.087	0.084	0.084	0.086	600 Read#8
B	0.086	0.085	0.086	0.086	0.085	0.086	0.087	0.086	0.088	0.085	0.086	0.085	600 Read#8
C	0.086	0.086	0.097	0.140	0.113	0.152	0.099	0.105	0.137	0.116	0.086	0.092	600 Read#8
D	0.097	0.087	0.097	0.141	0.103	0.143	0.098	0.107	0.130	0.112	0.087	0.086	600 Read#8
E	0.086	0.086	0.097	0.139	0.109	0.140	0.102	0.108	0.105	0.113	0.094	0.094	600 Read#8
F	0.085	0.086	0.094	0.139	0.104	0.140	0.098	0.105	0.132	0.143	0.087	0.085	600 Read#8
G	0.085	0.086	0.130	0.096	0.085	0.089	0.090	0.206	0.086	0.085	0.087	0.085	600 Read#8
H	0.086	0.085	0.083	0.087	0.088	0.087	0.090	0.209	0.086	0.083	0.103	0.090	600 Read#8

600
Kinetic read 9 (4:00:00)
	1	2	3	4	5	6	7	8	9	10	11	12
A	0.085	0.085	0.084	0.087	0.086	0.088	0.087	0.086	0.087	0.084	0.085	0.086	600 Read#9
B	0.086	0.085	0.086	0.086	0.085	0.087	0.087	0.086	0.088	0.085	0.086	0.085	600 Read#9
C	0.087	0.086	0.097	0.159	0.112	0.179	0.100	0.105	0.135	0.113	0.086	0.092	600 Read#9
D	0.105	0.105	0.097	0.158	0.108	0.158	0.098	0.107	0.130	0.112	0.087	0.086	600 Read#9
E	0.087	0.087	0.097	0.157	0.108	0.155	0.102	0.109	0.106	0.117	0.104	0.100	600 Read#9
F	0.086	0.086	0.094	0.158	0.104	0.153	0.098	0.105	0.129	0.145	0.087	0.085	600 Read#9
G	0.085	0.086	0.134	0.097	0.085	0.088	0.090	0.222	0.087	0.085	0.088	0.086	600 Read#9
H	0.087	0.085	0.084	0.092	0.087	0.087	0.090	0.233	0.086	0.084	0.091	0.091	600 Read#9

600
Kinetic read 10 (4:30:00)
	1	2	3	4	5	6	7	8	9	10	11	12
A	0.089	0.085	0.084	0.087	0.086	0.088	0.087	0.086	0.087	0.084	0.085	0.089	600 Read#10
B	0.086	0.085	0.086	0.086	0.085	0.087	0.087	0.086	0.088	0.085	0.086	0.085	600 Read#10
C	0.087	0.086	0.097	0.174	0.111	0.205	0.100	0.105	0.135	0.113	0.087	0.093	600 Read#10
D	0.156	0.137	0.097	0.172	0.105	0.174	0.098	0.107	0.129	0.111	0.087	0.087	600 Read#10
E	0.086	0.087	0.097	0.172	0.108	0.175	0.103	0.108	0.106	0.123	0.111	0.106	600 Read#10
F	0.086	0.086	0.094	0.174	0.104	0.168	0.098	0.105	0.130	0.144	0.087	0.085	600 Read#10
G	0.085	0.086	0.141	0.104	0.085	0.088	0.088	0.264	0.087	0.085	0.088	0.086	600 Read#10
H	0.087	0.085	0.084	0.095	0.088	0.087	0.091	0.240	0.086	0.084	0.090	0.091	600 Read#10

600
Kinetic read 11 (5:00:00)
	1	2	3	4	5	6	7	8	9	10	11	12
A	0.087	0.085	0.084	0.087	0.086	0.088	0.087	0.086	0.087	0.084	0.085	0.086	600 Read#11
B	0.086	0.085	0.086	0.086	0.085	0.086	0.087	0.086	0.090	0.085	0.086	0.085	600 Read#11
C	0.086	0.092	0.097	0.181	0.111	0.214	0.100	0.104	0.136	0.112	0.086	0.093	600 Read#11
D	0.174	0.168	0.097	0.182	0.105	0.183	0.098	0.107	0.129	0.111	0.087	0.086	600 Read#11
E	0.086	0.087	0.097	0.179	0.110	0.185	0.102	0.108	0.105	0.125	0.119	0.108	600 Read#11
F	0.085	0.086	0.094	0.180	0.103	0.174	0.098	0.105	0.130	0.146	0.087	0.085	600 Read#11
G	0.085	0.086	0.159	0.112	0.085	0.088	0.090	0.245	0.087	0.085	0.088	0.086	600 Read#11
H	0.086	0.085	0.089	0.097	0.089	0.087	0.091	0.242	0.086	0.084	0.089	0.090	600 Read#11

600
Kinetic read 12 (5:30:00)
	1	2	3	4	5	6	7	8	9	10	11	12
A	0.085	0.085	0.084	0.087	0.086	0.088	0.087	0.086	0.087	0.084	0.085	0.090	600 Read#12
B	0.086	0.085	0.086	0.086	0.085	0.087	0.087	0.086	0.088	0.085	0.086	0.085	600 Read#12
C	0.087	0.101	0.097	0.191	0.111	0.227	0.100	0.104	0.135	0.111	0.086	0.093	600 Read#12
D	0.202	0.197	0.097	0.188	0.105	0.170	0.098	0.107	0.127	0.110	0.087	0.086	600 Read#12
E	0.089	0.090	0.097	0.187	0.110	0.169	0.102	0.108	0.105	0.129	0.126	0.109	600 Read#12
F	0.086	0.086	0.094	0.189	0.103	0.180	0.098	0.104	0.130	0.145	0.087	0.085	600 Read#12
G	0.085	0.086	0.168	0.119	0.085	0.088	0.090	0.205	0.087	0.085	0.088	0.087	600 Read#12
H	0.086	0.085	0.086	0.098	0.088	0.087	0.091	0.264	0.086	0.084	0.089	0.090	600 Read#12

600
Kinetic read 13 (6:00:00)
	1	2	3	4	5	6	7	8	9	10	11	12
A	0.103	0.085	0.084	0.087	0.086	0.088	0.087	0.086	0.087	0.084	0.085	0.092	600 Read#13
B	0.086	0.085	0.086	0.086	0.085	0.087	0.087	0.086	0.091	0.085	0.086	0.085	600 Read#13
C	0.090	0.105	0.097	0.210	0.111	0.250	0.099	0.104	0.135	0.112	0.086	0.092	600 Read#13
D	0.217	0.209	0.097	0.206	0.105	0.177	0.098	0.106	0.126	0.110	0.087	0.086	600 Read#13
E	0.089	0.090	0.097	0.202	0.115	0.174	0.100	0.108	0.105	0.138	0.121	0.110	600 Read#13
F	0.086	0.086	0.094	0.204	0.103	0.190	0.098	0.105	0.129	0.146	0.087	0.085	600 Read#13
G	0.085	0.086	0.160	0.128	0.086	0.087	0.090	0.265	0.087	0.085	0.087	0.087	600 Read#13
H	0.087	0.085	0.084	0.097	0.089	0.087	0.090	0.248	0.086	0.084	0.091	0.086	600 Read#13

600
Kinetic read 14 (6:30:00)
	1	2	3	4	5	6	7	8	9	10	11	12
A	0.111	0.085	0.084	0.087	0.086	0.088	0.087	0.086	0.087	0.084	0.085	0.093	600 Read#14
B	0.086	0.085	0.086	0.086	0.085	0.087	0.087	0.086	0.091	0.085	0.086	0.085	600 Read#14
C	0.092	0.112	0.098	0.226	0.112	0.272	0.100	0.104	0.133	0.112	0.086	0.092	600 Read#14
D	0.238	0.184	0.097	0.222	0.105	0.189	0.098	0.106	0.128	0.110	0.087	0.086	600 Read#14
E	0.089	0.091	0.097	0.220	0.117	0.185	0.101	0.108	0.105	0.138	0.118	0.111	600 Read#14
F	0.085	0.086	0.094	0.224	0.103	0.199	0.098	0.104	0.131	0.138	0.087	0.085	600 Read#14
G	0.085	0.086	0.167	0.138	0.086	0.087	0.090	0.272	0.087	0.085	0.087	0.087	600 Read#14
H	0.086	0.085	0.087	0.100	0.091	0.087	0.092	0.252	0.086	0.084	0.089	0.090	600 Read#14

600
Kinetic read 15 (7:00:00)
	1	2	3	4	5	6	7	8	9	10	11	12
A	0.122	0.085	0.084	0.087	0.086	0.088	0.087	0.086	0.087	0.084	0.085	0.101	600 Read#15
B	0.086	0.086	0.086	0.087	0.085	0.087	0.087	0.086	0.091	0.085	0.087	0.085	600 Read#15
C	0.096	0.112	0.097	0.253	0.112	0.272	0.100	0.104	0.135	0.112	0.087	0.092	600 Read#15
D	0.228	0.160	0.098	0.248	0.105	0.203	0.098	0.106	0.124	0.110	0.087	0.087	600 Read#15
E	0.089	0.090	0.097	0.246	0.121	0.201	0.102	0.108	0.105	0.140	0.126	0.111	600 Read#15
F	0.086	0.086	0.094	0.250	0.103	0.190	0.098	0.104	0.129	0.138	0.087	0.085	600 Read#15
G	0.085	0.086	0.159	0.160	0.091	0.087	0.091	0.241	0.087	0.085	0.088	0.087	600 Read#15
H	0.089	0.085	0.086	0.102	0.095	0.087	0.094	0.262	0.086	0.084	0.089	0.090	600 Read#15

600
Kinetic read 16 (7:30:00)
	1	2	3	4	5	6	7	8	9	10	11	12
A	0.131	0.086	0.084	0.087	0.086	0.088	0.087	0.086	0.087	0.084	0.085	0.102	600 Read#16
B	0.086	0.089	0.086	0.087	0.085	0.087	0.087	0.086	0.090	0.085	0.087	0.085	600 Read#16
C	0.098	0.107	0.097	0.271	0.113	0.266	0.100	0.104	0.135	0.112	0.087	0.092	600 Read#16
D	0.258	0.168	0.097	0.268	0.105	0.224	0.098	0.106	0.125	0.110	0.087	0.087	600 Read#16
E	0.090	0.096	0.097	0.270	0.124	0.217	0.102	0.108	0.105	0.140	0.113	0.112	600 Read#16
F	0.086	0.087	0.094	0.270	0.104	0.209	0.098	0.104	0.127	0.138	0.087	0.086	600 Read#16
G	0.085	0.086	0.168	0.163	0.094	0.087	0.091	0.201	0.087	0.085	0.088	0.087	600 Read#16
H	0.089	0.085	0.084	0.111	0.095	0.087	0.094	0.237	0.086	0.084	0.089	0.091	600 Read#16

600
Kinetic read 17 (8:00:00)
	1	2	3	4	5	6	7	8	9	10	11	12
A	0.088	0.088	0.084	0.087	0.086	0.088	0.087	0.086	0.087	0.084	0.085	0.100	600 Read#17
B	0.086	0.086	0.086	0.087	0.085	0.087	0.087	0.086	0.090	0.085	0.087	0.085	600 Read#17
C	0.100	0.106	0.097	0.268	0.114	0.281	0.100	0.103	0.132	0.112	0.086	0.092	600 Read#17
D	0.330	0.166	0.098	0.269	0.102	0.247	0.098	0.106	0.124	0.109	0.087	0.087	600 Read#17
E	0.089	0.104	0.097	0.273	0.128	0.241	0.103	0.108	0.105	0.139	0.114	0.114	600 Read#17
F	0.086	0.086	0.095	0.266	0.103	0.237	0.098	0.104	0.128	0.143	0.087	0.085	600 Read#17
G	0.085	0.086	0.168	0.189	0.099	0.087	0.090	0.251	0.087	0.085	0.088	0.087	600 Read#17
H	0.089	0.085	0.083	0.113	0.097	0.087	0.095	0.258	0.086	0.084	0.088	0.091	600 Read#17

600
Kinetic read 18 (8:30:00)
	1	2	3	4	5	6	7	8	9	10	11	12
A	0.111	0.085	0.084	0.087	0.086	0.088	0.087	0.086	0.087	0.084	0.085	0.096	600 Read#18
B	0.086	0.086	0.086	0.087	0.085	0.087	0.087	0.086	0.091	0.089	0.087	0.085	600 Read#18
C	0.104	0.099	0.097	0.265	0.115	0.314	0.100	0.103	0.132	0.111	0.086	0.092	600 Read#18
D	0.240	0.182	0.098	0.261	0.105	0.268	0.098	0.106	0.124	0.109	0.087	0.086	600 Read#18
E	0.090	0.098	0.099	0.269	0.130	0.270	0.100	0.108	0.105	0.150	0.111	0.116	600 Read#18
F	0.085	0.087	0.095	0.261	0.103	0.269	0.098	0.104	0.127	0.144	0.087	0.085	600 Read#18
G	0.085	0.086	0.186	0.189	0.103	0.087	0.090	0.202	0.087	0.085	0.088	0.087	600 Read#18
H	0.089	0.085	0.084	0.114	0.102	0.087	0.095	0.236	0.086	0.084	0.096	0.091	600 Read#18

600
Kinetic read 19 (9:00:00)
	1	2	3	4	5	6	7	8	9	10	11	12
A	0.131	0.085	0.084	0.087	0.087	0.088	0.087	0.086	0.087	0.084	0.085	0.091	600 Read#19
B	0.086	0.086	0.086	0.087	0.085	0.087	0.087	0.086	0.092	0.090	0.087	0.085	600 Read#19
C	0.108	0.111	0.097	0.252	0.115	0.346	0.100	0.103	0.133	0.111	0.087	0.092	600 Read#19
D	0.304	0.169	0.098	0.256	0.104	0.328	0.098	0.106	0.124	0.108	0.087	0.087	600 Read#19
E	0.090	0.112	0.102	0.262	0.133	0.306	0.098	0.108	0.105	0.140	0.128	0.116	600 Read#19
F	0.086	0.089	0.095	0.247	0.103	0.309	0.098	0.104	0.129	0.145	0.087	0.085	600 Read#19
G	0.085	0.086	0.170	0.176	0.102	0.088	0.092	0.184	0.087	0.086	0.088	0.087	600 Read#19
H	0.089	0.085	0.086	0.105	0.117	0.088	0.096	0.223	0.086	0.084	0.096	0.091	600 Read#19

600
Kinetic read 20 (9:30:00)
	1	2	3	4	5	6	7	8	9	10	11	12
A	0.124	0.090	0.084	0.087	0.086	0.088	0.087	0.086	0.087	0.084	0.085	0.087	600 Read#20
B	0.086	0.086	0.086	0.090	0.085	0.087	0.087	0.086	0.088	0.092	0.086	0.085	600 Read#20
C	0.112	0.126	0.097	0.235	0.116	0.403	0.100	0.103	0.131	0.111	0.086	0.092	600 Read#20
D	0.295	0.208	0.098	0.238	0.106	0.393	0.098	0.106	0.122	0.108	0.087	0.086	600 Read#20
E	0.089	0.135	0.101	0.251	0.133	0.441	0.097	0.107	0.104	0.137	0.154	0.116	600 Read#20
F	0.085	0.090	0.095	0.233	0.103	0.354	0.098	0.104	0.125	0.143	0.087	0.085	600 Read#20
G	0.084	0.086	0.189	0.192	0.104	0.088	0.092	0.287	0.087	0.085	0.087	0.087	600 Read#20
H	0.088	0.085	0.084	0.105	0.118	0.087	0.096	0.248	0.086	0.083	0.091	0.090	600 Read#20

600
Kinetic read 21 (10:00:00)
	1	2	3	4	5	6	7	8	9	10	11	12
A	0.103	0.092	0.085	0.087	0.086	0.088	0.087	0.086	0.087	0.084	0.085	0.090	600 Read#21
B	0.086	0.087	0.086	0.093	0.085	0.087	0.087	0.086	0.093	0.097	0.086	0.085	600 Read#21
C	0.114	0.175	0.098	0.218	0.116	0.390	0.100	0.104	0.130	0.111	0.087	0.092	600 Read#21
D	0.258	0.184	0.099	0.225	0.106	0.416	0.098	0.106	0.126	0.108	0.089	0.087	600 Read#21
E	0.090	0.156	0.103	0.245	0.136	0.485	0.097	0.107	0.105	0.129	0.144	0.115	600 Read#21
F	0.086	0.091	0.096	0.222	0.103	0.397	0.099	0.104	0.127	0.144	0.087	0.085	600 Read#21
G	0.085	0.086	0.154	0.224	0.104	0.088	0.093	0.214	0.087	0.085	0.095	0.087	600 Read#21
H	0.089	0.085	0.084	0.102	0.136	0.089	0.097	0.214	0.086	0.084	0.090	0.092	600 Read#21

600
Kinetic read 22 (10:30:00)
	1	2	3	4	5	6	7	8	9	10	11	12
A	0.092	0.097	0.084	0.087	0.086	0.088	0.087	0.086	0.087	0.084	0.085	0.102	600 Read#22
B	0.086	0.087	0.086	0.087	0.085	0.087	0.087	0.086	0.091	0.096	0.087	0.085	600 Read#22
C	0.120	0.181	0.097	0.210	0.117	0.400	0.100	0.103	0.129	0.111	0.086	0.092	600 Read#22
D	0.292	0.244	0.098	0.217	0.103	0.410	0.098	0.106	0.125	0.108	0.091	0.086	600 Read#22
E	0.090	0.158	0.102	0.229	0.135	0.479	0.097	0.107	0.104	0.131	0.168	0.119	600 Read#22
F	0.086	0.097	0.095	0.211	0.103	0.458	0.098	0.104	0.126	0.145	0.087	0.085	600 Read#22
G	0.085	0.086	0.181	0.246	0.110	0.087	0.091	0.232	0.087	0.085	0.095	0.087	600 Read#22
H	0.090	0.085	0.084	0.102	0.140	0.088	0.097	0.192	0.087	0.084	0.092	0.092	600 Read#22

600
Kinetic read 23 (11:00:00)
	1	2	3	4	5	6	7	8	9	10	11	12
A	0.110	0.105	0.084	0.087	0.086	0.088	0.087	0.086	0.087	0.084	0.085	0.099	600 Read#23
B	0.086	0.092	0.086	0.087	0.085	0.087	0.087	0.086	0.091	0.097	0.086	0.085	600 Read#23
C	0.122	0.208	0.097	0.207	0.119	0.406	0.100	0.103	0.128	0.111	0.086	0.092	600 Read#23
D	0.321	0.239	0.098	0.214	0.106	0.412	0.098	0.106	0.126	0.110	0.088	0.086	600 Read#23
E	0.090	0.182	0.104	0.223	0.133	0.501	0.097	0.107	0.105	0.125	0.170	0.120	600 Read#23
F	0.086	0.102	0.098	0.207	0.103	0.474	0.098	0.104	0.125	0.142	0.087	0.097	600 Read#23
G	0.084	0.086	0.184	0.263	0.114	0.087	0.093	0.277	0.087	0.085	0.095	0.087	600 Read#23
H	0.091	0.085	0.084	0.101	0.144	0.088	0.097	0.219	0.086	0.084	0.091	0.097	600 Read#23

600
Kinetic read 24 (11:30:00)
	1	2	3	4	5	6	7	8	9	10	11	12
A	0.103	0.097	0.084	0.087	0.086	0.088	0.087	0.086	0.087	0.084	0.085	0.088	600 Read#24
B	0.086	0.103	0.087	0.093	0.085	0.087	0.087	0.086	0.094	0.097	0.087	0.085	600 Read#24
C	0.129	0.215	0.097	0.206	0.119	0.416	0.099	0.103	0.130	0.111	0.087	0.092	600 Read#24
D	0.232	0.216	0.099	0.212	0.106	0.416	0.098	0.106	0.124	0.112	0.088	0.086	600 Read#24
E	0.090	0.186	0.106	0.221	0.132	0.504	0.097	0.107	0.104	0.119	0.199	0.123	600 Read#24
F	0.085	0.108	0.099	0.204	0.103	0.472	0.098	0.104	0.124	0.143	0.087	0.097	600 Read#24
G	0.085	0.086	0.191	0.236	0.116	0.090	0.093	0.219	0.087	0.085	0.095	0.087	600 Read#24
H	0.092	0.088	0.087	0.104	0.149	0.090	0.097	0.258	0.086	0.084	0.091	0.099	600 Read#24

600
Kinetic read 25 (12:00:00)
	1	2	3	4	5	6	7	8	9	10	11	12
A	0.099	0.094	0.084	0.087	0.086	0.088	0.087	0.086	0.087	0.084	0.085	0.090	600 Read#25
B	0.090	0.104	0.088	0.087	0.085	0.087	0.087	0.086	0.102	0.103	0.086	0.084	600 Read#25
C	0.137	0.204	0.097	0.203	0.120	0.419	0.099	0.103	0.128	0.113	0.086	0.092	600 Read#25
D	0.305	0.242	0.101	0.212	0.104	0.436	0.098	0.105	0.127	0.116	0.090	0.086	600 Read#25
E	0.091	0.189	0.109	0.219	0.131	0.525	0.097	0.107	0.104	0.116	0.199	0.124	600 Read#25
F	0.086	0.106	0.101	0.200	0.104	0.522	0.098	0.104	0.125	0.139	0.087	0.097	600 Read#25
G	0.084	0.088	0.175	0.230	0.117	0.091	0.094	0.283	0.087	0.085	0.095	0.088	600 Read#25
H	0.093	0.091	0.088	0.104	0.150	0.089	0.097	0.179	0.086	0.084	0.088	0.097	600 Read#25

600
Kinetic read 26 (12:30:00)
	1	2	3	4	5	6	7	8	9	10	11	12
A	0.150	0.103	0.084	0.087	0.086	0.088	0.087	0.086	0.087	0.084	0.085	0.092	600 Read#26
B	0.089	0.115	0.088	0.087	0.085	0.087	0.087	0.086	0.107	0.098	0.087	0.084	600 Read#26
C	0.147	0.217	0.098	0.202	0.120	0.419	0.100	0.103	0.128	0.110	0.087	0.092	600 Read#26
D	0.326	0.188	0.100	0.213	0.107	0.454	0.099	0.105	0.127	0.121	0.091	0.087	600 Read#26
E	0.093	0.219	0.109	0.219	0.129	0.508	0.098	0.107	0.105	0.115	0.209	0.124	600 Read#26
F	0.085	0.117	0.103	0.200	0.104	0.551	0.098	0.104	0.123	0.137	0.087	0.097	600 Read#26
G	0.085	0.090	0.201	0.226	0.128	0.091	0.091	0.233	0.087	0.085	0.095	0.087	600 Read#26
H	0.095	0.094	0.089	0.107	0.176	0.091	0.097	0.193	0.086	0.084	0.089	0.098	600 Read#26

600
Kinetic read 27 (13:00:00)
	1	2	3	4	5	6	7	8	9	10	11	12
A	0.135	0.107	0.084	0.087	0.086	0.088	0.087	0.086	0.087	0.084	0.085	0.087	600 Read#27
B	0.098	0.121	0.091	0.094	0.085	0.087	0.087	0.086	0.112	0.093	0.087	0.084	600 Read#27
C	0.148	0.231	0.097	0.201	0.119	0.428	0.100	0.103	0.128	0.108	0.087	0.092	600 Read#27
D	0.231	0.195	0.101	0.214	0.106	0.458	0.099	0.105	0.125	0.127	0.088	0.087	600 Read#27
E	0.094	0.232	0.109	0.218	0.128	0.526	0.097	0.107	0.105	0.114	0.200	0.126	600 Read#27
F	0.085	0.116	0.104	0.200	0.104	0.537	0.098	0.104	0.124	0.135	0.087	0.097	600 Read#27
G	0.084	0.091	0.238	0.223	0.130	0.096	0.092	0.222	0.087	0.085	0.096	0.087	600 Read#27
H	0.086	0.105	0.092	0.107	0.171	0.097	0.097	0.155	0.086	0.084	0.088	0.099	600 Read#27

600
Kinetic read 28 (13:30:00)
	1	2	3	4	5	6	7	8	9	10	11	12
A	0.181	0.105	0.084	0.087	0.086	0.088	0.087	0.086	0.087	0.084	0.085	0.094	600 Read#28
B	0.111	0.123	0.088	0.087	0.085	0.087	0.087	0.086	0.115	0.091	0.087	0.084	600 Read#28
C	0.159	0.206	0.098	0.200	0.120	0.443	0.099	0.103	0.128	0.107	0.087	0.091	600 Read#28
D	0.349	0.260	0.100	0.214	0.105	0.468	0.099	0.105	0.126	0.131	0.092	0.087	600 Read#28
E	0.092	0.227	0.111	0.217	0.127	0.442	0.100	0.107	0.105	0.113	0.232	0.131	600 Read#28
F	0.087	0.124	0.107	0.199	0.103	0.535	0.098	0.103	0.127	0.131	0.087	0.097	600 Read#28
G	0.083	0.092	0.239	0.228	0.132	0.092	0.094	0.283	0.087	0.085	0.096	0.088	600 Read#28
H	0.087	0.115	0.094	0.116	0.174	0.102	0.094	0.227	0.086	0.084	0.088	0.101	600 Read#28

600
Kinetic read 29 (14:00:00)
	1	2	3	4	5	6	7	8	9	10	11	12
A	0.206	0.111	0.084	0.087	0.086	0.088	0.087	0.086	0.087	0.084	0.085	0.108	600 Read#29
B	0.111	0.136	0.088	0.087	0.085	0.089	0.087	0.086	0.111	0.090	0.087	0.093	600 Read#29
C	0.157	0.237	0.098	0.199	0.120	0.514	0.100	0.103	0.128	0.107	0.086	0.092	600 Read#29
D	0.298	0.232	0.102	0.218	0.107	0.483	0.099	0.105	0.128	0.132	0.093	0.086	600 Read#29
E	0.092	0.217	0.111	0.216	0.126	0.505	0.098	0.107	0.105	0.112	0.217	0.132	600 Read#29
F	0.088	0.128	0.108	0.199	0.103	0.407	0.098	0.104	0.124	0.133	0.087	0.099	600 Read#29
G	0.081	0.094	0.217	0.233	0.137	0.094	0.095	0.300	0.087	0.086	0.096	0.088	600 Read#29
H	0.082	0.126	0.096	0.123	0.167	0.100	0.093	0.192	0.086	0.084	0.088	0.102	600 Read#29

600
Kinetic read 30 (14:30:00)
	1	2	3	4	5	6	7	8	9	10	11	12
A	0.187	0.107	0.084	0.087	0.086	0.088	0.087	0.086	0.087	0.084	0.085	0.111	600 Read#30
B	0.120	0.112	0.089	0.088	0.085	0.087	0.087	0.086	0.119	0.094	0.087	0.093	600 Read#30
C	0.174	0.240	0.098	0.199	0.120	0.513	0.099	0.103	0.127	0.108	0.086	0.091	600 Read#30
D	0.331	0.264	0.101	0.217	0.104	0.465	0.099	0.105	0.125	0.134	0.092	0.086	600 Read#30
E	0.094	0.251	0.115	0.215	0.126	0.460	0.097	0.107	0.104	0.113	0.250	0.135	600 Read#30
F	0.089	0.141	0.109	0.198	0.104	0.414	0.098	0.103	0.125	0.132	0.087	0.100	600 Read#30
G	0.080	0.094	0.278	0.213	0.141	0.094	0.093	0.264	0.087	0.088	0.096	0.088	600 Read#30
H	0.091	0.140	0.095	0.121	0.175	0.109	0.096	0.213	0.086	0.084	0.088	0.102	600 Read#30

600
Kinetic read 31 (15:00:00)
	1	2	3	4	5	6	7	8	9	10	11	12
A	0.225	0.108	0.084	0.087	0.086	0.088	0.087	0.086	0.087	0.084	0.085	0.098	600 Read#31
B	0.118	0.189	0.092	0.107	0.086	0.087	0.087	0.086	0.126	0.089	0.087	0.086	600 Read#31
C	0.175	0.232	0.098	0.198	0.120	0.538	0.099	0.103	0.127	0.108	0.087	0.091	600 Read#31
D	0.266	0.216	0.101	0.217	0.107	0.507	0.099	0.105	0.123	0.129	0.091	0.087	600 Read#31
E	0.095	0.218	0.114	0.214	0.126	0.581	0.098	0.107	0.105	0.113	0.235	0.140	600 Read#31
F	0.093	0.148	0.108	0.197	0.103	0.424	0.098	0.104	0.124	0.134	0.087	0.100	600 Read#31
G	0.089	0.095	0.244	0.203	0.133	0.093	0.094	0.251	0.088	0.087	0.096	0.088	600 Read#31
H	0.091	0.156	0.111	0.127	0.210	0.115	0.092	0.181	0.086	0.084	0.088	0.103	600 Read#31

600
Kinetic read 32 (15:30:00)
	1	2	3	4	5	6	7	8	9	10	11	12
A	0.234	0.111	0.084	0.087	0.086	0.088	0.087	0.086	0.087	0.084	0.085	0.086	600 Read#32
B	0.126	0.151	0.091	0.091	0.085	0.097	0.087	0.086	0.125	0.099	0.087	0.089	600 Read#32
C	0.169	0.207	0.098	0.198	0.120	0.556	0.099	0.103	0.127	0.108	0.086	0.091	600 Read#32
D	0.279	0.212	0.102	0.218	0.105	0.452	0.098	0.105	0.128	0.125	0.093	0.086	600 Read#32
E	0.095	0.209	0.115	0.214	0.125	0.448	0.097	0.106	0.105	0.114	0.227	0.141	600 Read#32
F	0.090	0.164	0.111	0.196	0.103	0.426	0.098	0.103	0.127	0.131	0.087	0.099	600 Read#32
G	0.089	0.101	0.269	0.227	0.141	0.096	0.094	0.231	0.087	0.093	0.096	0.088	600 Read#32
H	0.090	0.156	0.114	0.133	0.201	0.109	0.095	0.206	0.086	0.084	0.088	0.107	600 Read#32

600
Kinetic read 33 (16:00:00)
	1	2	3	4	5	6	7	8	9	10	11	12
A	0.219	0.123	0.088	0.087	0.086	0.088	0.087	0.086	0.087	0.084	0.085	0.091	600 Read#33
B	0.138	0.219	0.098	0.088	0.085	0.096	0.087	0.086	0.129	0.100	0.087	0.081	600 Read#33
C	0.185	0.196	0.098	0.198	0.119	0.559	0.099	0.103	0.129	0.108	0.086	0.090	600 Read#33
D	0.330	0.253	0.102	0.220	0.108	0.462	0.098	0.106	0.125	0.122	0.095	0.086	600 Read#33
E	0.096	0.192	0.116	0.215	0.125	0.470	0.101	0.107	0.104	0.111	0.249	0.144	600 Read#33
F	0.085	0.179	0.110	0.196	0.103	0.529	0.098	0.104	0.123	0.130	0.087	0.103	600 Read#33
G	0.089	0.103	0.188	0.196	0.134	0.094	0.094	0.281	0.087	0.094	0.096	0.088	600 Read#33
H	0.091	0.174	0.111	0.134	0.210	0.102	0.093	0.187	0.087	0.084	0.088	0.117	600 Read#33

600
Kinetic read 34 (16:30:00)
	1	2	3	4	5	6	7	8	9	10	11	12
A	0.210	0.098	0.088	0.087	0.086	0.088	0.087	0.086	0.087	0.084	0.084	0.082	600 Read#34
B	0.125	0.169	0.098	0.089	0.087	0.102	0.087	0.086	0.135	0.101	0.087	0.088	600 Read#34
C	0.182	0.240	0.099	0.198	0.120	0.564	0.100	0.103	0.127	0.108	0.086	0.088	600 Read#34
D	0.218	0.192	0.101	0.219	0.106	0.479	0.098	0.105	0.131	0.119	0.095	0.087	600 Read#34
E	0.090	0.233	0.116	0.216	0.124	0.881	0.101	0.106	0.105	0.111	0.210	0.146	600 Read#34
F	0.085	0.199	0.109	0.196	0.103	0.477	0.098	0.104	0.123	0.128	0.087	0.103	600 Read#34
G	0.089	0.108	0.268	0.190	0.149	0.097	0.095	0.281	0.087	0.098	0.097	0.088	600 Read#34
H	0.090	0.183	0.115	0.140	0.239	0.113	0.098	0.202	0.086	0.084	0.089	0.119	600 Read#34

600
Kinetic read 35 (17:00:00)
	1	2	3	4	5	6	7	8	9	10	11	12
A	0.194	0.098	0.086	0.087	0.086	0.088	0.087	0.086	0.087	0.084	0.085	0.081	600 Read#35
B	0.131	0.190	0.128	0.090	0.085	0.102	0.087	0.086	0.130	0.102	0.086	0.089	600 Read#35
C	0.207	0.171	0.101	0.198	0.119	0.580	0.099	0.103	0.129	0.108	0.087	0.087	600 Read#35
D	0.231	0.236	0.103	0.220	0.107	0.489	0.098	0.105	0.122	0.118	0.096	0.086	600 Read#35
E	0.087	0.204	0.116	0.218	0.124	0.729	0.098	0.106	0.105	0.110	0.219	0.149	600 Read#35
F	0.082	0.214	0.109	0.196	0.104	0.668	0.099	0.103	0.123	0.129	0.087	0.103	600 Read#35
G	0.089	0.108	0.267	0.194	0.151	0.097	0.096	0.241	0.087	0.106	0.098	0.089	600 Read#35
H	0.090	0.178	0.116	0.142	0.189	0.110	0.093	0.151	0.086	0.084	0.088	0.121	600 Read#35

600
Kinetic read 36 (17:30:00)
	1	2	3	4	5	6	7	8	9	10	11	12
A	0.230	0.117	0.088	0.087	0.086	0.089	0.087	0.086	0.087	0.084	0.085	0.090	600 Read#36
B	0.090	0.196	0.149	0.088	0.085	0.109	0.087	0.086	0.106	0.103	0.087	0.089	600 Read#36
C	0.200	0.218	0.099	0.199	0.120	0.590	0.100	0.103	0.127	0.110	0.088	0.096	600 Read#36
D	0.260	0.248	0.102	0.222	0.101	0.529	0.098	0.105	0.125	0.116	0.098	0.087	600 Read#36
E	0.086	0.164	0.121	0.220	0.124	0.497	0.097	0.106	0.105	0.113	0.245	0.153	600 Read#36
F	0.081	0.215	0.109	0.197	0.103	0.500	0.099	0.104	0.123	0.129	0.087	0.103	600 Read#36
G	0.089	0.113	0.252	0.256	0.148	0.098	0.096	0.231	0.087	0.113	0.099	0.088	600 Read#36
H	0.091	0.188	0.116	0.147	0.212	0.110	0.095	0.181	0.086	0.084	0.088	0.138	600 Read#36

600
Kinetic read 37 (0:00:00)
	1	2	3	4	5	6	7	8	9	10	11	12
A													600 Read#37
B													600 Read#37
C													600 Read#37
D													600 Read#37
E													600 Read#37
F													600 Read#37
G													600 Read#37
H													600 Read#37

600
Kinetic read 38 (0:00:00)
	1	2	3	4	5	6	7	8	9	10	11	12
A													600 Read#38
B													600 Read#38
C													600 Read#38
D													600 Read#38
E													600 Read#38
F													600 Read#38
G													600 Read#38
H													600 Read#38

600
Kinetic read 39 (0:00:00)
	1	2	3	4	5	6	7	8	9	10	11	12
A													600 Read#39
B													600 Read#39
C													600 Read#39
D													600 Read#39
E													600 Read#39
F													600 Read#39
G													600 Read#39
H													600 Read#39

600
Kinetic read 40 (0:00:00)
	1	2	3	4	5	6	7	8	9	10	11	12
A													600 Read#40
B													600 Read#40
C													600 Read#40
D													600 Read#40
E													600 Read#40
F													600 Read#40
G													600 Read#40
H													600 Read#40

600
Kinetic read 41 (0:00:00)
	1	2	3	4	5	6	7	8	9	10	11	12
A													600 Read#41
B													600 Read#41
C													600 Read#41
D													600 Read#41
E													600 Read#41
F													600 Read#41
G													600 Read#41
H													600 Read#41

600
Kinetic read 42 (0:00:00)
	1	2	3	4	5	6	7	8	9	10	11	12
A													600 Read#42
B													600 Read#42
C													600 Read#42
D													600 Read#42
E													600 Read#42
F													600 Read#42
G													600 Read#42
H													600 Read#42

600
Kinetic read 43 (0:00:00)
	1	2	3	4	5	6	7	8	9	10	11	12
A													600 Read#43
B													600 Read#43
C													600 Read#43
D													600 Read#43
E													600 Read#43
F													600 Read#43
G													600 Read#43
H													600 Read#43

600
Kinetic read 44 (0:00:00)
	1	2	3	4	5	6	7	8	9	10	11	12
A													600 Read#44
B													600 Read#44
C													600 Read#44
D													600 Read#44
E													600 Read#44
F													600 Read#44
G													600 Read#44
H													600 Read#44

600
Kinetic read 45 (0:00:00)
	1	2	3	4	5	6	7	8	9	10	11	12
A													600 Read#45
B													600 Read#45
C													600 Read#45
D													600 Read#45
E													600 Read#45
F													600 Read#45
G													600 Read#45
H													600 Read#45

600
Kinetic read 46 (0:00:00)
	1	2	3	4	5	6	7	8	9	10	11	12
A													600 Read#46
B													600 Read#46
C													600 Read#46
D													600 Read#46
E													600 Read#46
F													600 Read#46
G													600 Read#46
H													600 Read#46

600
Kinetic read 47 (0:00:00)
	1	2	3	4	5	6	7	8	9	10	11	12
A													600 Read#47
B													600 Read#47
C													600 Read#47
D													600 Read#47
E													600 Read#47
F													600 Read#47
G													600 Read#47
H													600 Read#47

600
Kinetic read 48 (0:00:00)
	1	2	3	4	5	6	7	8	9	10	11	12
A													600 Read#48
B													600 Read#48
C													600 Read#48
D													600 Read#48
E													600 Read#48
F													600 Read#48
G													600 Read#48
H													600 Read#48

600
Kinetic read 49 (0:00:00)
	1	2	3	4	5	6	7	8	9	10	11	12
A													600 Read#49
B													600 Read#49
C													600 Read#49
D													600 Read#49
E													600 Read#49
F													600 Read#49
G													600 Read#49
H													600 Read#49

600

Kinetic read	A1	B1	C1	D1	E1	F1	G1	H1	A2	B2	C2	D2	E2	F2	G2	H2	A3	B3	C3	D3	E3	F3	G3	H3	A4	B4	C4	D4	E4	F4	G4	H4	A5	B5	C5	D5	E5	F5	G5	H5	A6	B6	C6	D6	E6	F6	G6	H6	A7	B7	C7	D7	E7	F7	G7	H7	A8	B8	C8	D8	E8	F8	G8	H8	A9	B9	C9	D9	E9	F9	G9	H9	A10	B10	C10	D10	E10	F10	G10	H10
0:00:00	0.085	0.086	0.086	0.086	0.086	0.086	0.085	0.088	0.085	0.085	0.086	0.087	0.087	0.086	0.086	0.085	0.084	0.086	0.097	0.097	0.097	0.094	0.085	0.084	0.087	0.086	0.106	0.108	0.109	0.108	0.086	0.087	0.086	0.085	0.105	0.117	0.107	0.105	0.086	0.087	0.088	0.087	0.118	0.115	0.115	0.118	0.087	0.087	0.087	0.087	0.100	0.100	0.097	0.098	0.087	0.086	0.086	0.086	0.107	0.108	0.109	0.108	0.084	0.086	0.087	0.087	0.190	0.182	0.144	0.145	0.087	0.086	0.084	0.085	0.117	0.130	0.134	0.168	0.085	0.084
0:30:00	0.085	0.086	0.086	0.088	0.087	0.086	0.085	0.088	0.085	0.085	0.086	0.087	0.086	0.086	0.086	0.085	0.084	0.086	0.097	0.097	0.097	0.094	0.085	0.083	0.087	0.086	0.107	0.109	0.109	0.108	0.085	0.087	0.086	0.085	0.110	0.115	0.106	0.105	0.085	0.086	0.088	0.087	0.117	0.114	0.113	0.120	0.087	0.087	0.087	0.087	0.099	0.099	0.097	0.097	0.086	0.086	0.086	0.086	0.107	0.108	0.109	0.107	0.086	0.085	0.087	0.087	0.130	0.151	0.119	0.155	0.087	0.086	0.084	0.085	0.115	0.122	0.123	0.167	0.085	0.084
1:00:00	0.086	0.086	0.086	0.111	0.096	0.086	0.085	0.089	0.085	0.085	0.096	0.111	0.106	0.086	0.086	0.085	0.084	0.086	0.097	0.097	0.097	0.094	0.085	0.083	0.087	0.086	0.108	0.111	0.111	0.109	0.086	0.087	0.086	0.085	0.110	0.112	0.107	0.105	0.087	0.086	0.088	0.087	0.120	0.114	0.115	0.120	0.088	0.087	0.087	0.087	0.099	0.097	0.096	0.097	0.087	0.086	0.086	0.086	0.106	0.107	0.109	0.106	0.095	0.094	0.087	0.087	0.131	0.148	0.114	0.154	0.087	0.086	0.084	0.085	0.115	0.119	0.120	0.163	0.085	0.083
1:30:00	0.086	0.086	0.086	0.086	0.086	0.085	0.085	0.087	0.085	0.085	0.109	0.132	0.122	0.086	0.086	0.084	0.084	0.087	0.106	0.107	0.097	0.094	0.085	0.083	0.086	0.086	0.110	0.114	0.114	0.111	0.087	0.087	0.086	0.085	0.112	0.110	0.107	0.106	0.088	0.086	0.088	0.086	0.123	0.117	0.117	0.121	0.089	0.087	0.087	0.087	0.099	0.097	0.101	0.098	0.088	0.086	0.085	0.086	0.106	0.107	0.109	0.106	0.123	0.113	0.087	0.086	0.131	0.142	0.110	0.145	0.087	0.086	0.084	0.084	0.115	0.115	0.115	0.155	0.085	0.085
2:00:00	0.086	0.086	0.086	0.086	0.086	0.085	0.085	0.087	0.085	0.085	0.098	0.136	0.092	0.086	0.086	0.085	0.084	0.091	0.105	0.101	0.097	0.094	0.091	0.083	0.086	0.089	0.114	0.116	0.115	0.115	0.087	0.087	0.086	0.085	0.114	0.110	0.107	0.106	0.087	0.086	0.088	0.087	0.125	0.120	0.119	0.123	0.090	0.087	0.087	0.087	0.099	0.097	0.101	0.099	0.089	0.086	0.085	0.086	0.106	0.107	0.108	0.106	0.149	0.132	0.087	0.087	0.132	0.139	0.108	0.139	0.087	0.086	0.084	0.085	0.115	0.114	0.119	0.152	0.085	0.084
2:30:00	0.086	0.086	0.086	0.086	0.087	0.086	0.085	0.087	0.085	0.085	0.086	0.087	0.086	0.086	0.086	0.085	0.084	0.086	0.097	0.097	0.097	0.094	0.094	0.083	0.087	0.086	0.119	0.121	0.120	0.119	0.089	0.087	0.086	0.085	0.114	0.108	0.109	0.105	0.087	0.088	0.088	0.087	0.131	0.127	0.125	0.126	0.090	0.087	0.087	0.087	0.100	0.098	0.102	0.099	0.089	0.087	0.086	0.086	0.106	0.108	0.109	0.106	0.175	0.158	0.087	0.087	0.133	0.135	0.107	0.140	0.087	0.086	0.084	0.085	0.114	0.113	0.115	0.146	0.085	0.084
3:00:00	0.085	0.086	0.087	0.086	0.086	0.086	0.085	0.087	0.085	0.085	0.086	0.087	0.087	0.086	0.086	0.085	0.084	0.086	0.097	0.097	0.097	0.094	0.104	0.083	0.087	0.086	0.128	0.129	0.128	0.127	0.093	0.088	0.086	0.085	0.113	0.108	0.110	0.104	0.086	0.088	0.088	0.087	0.139	0.132	0.130	0.132	0.089	0.087	0.087	0.087	0.100	0.098	0.102	0.098	0.089	0.087	0.086	0.086	0.105	0.107	0.109	0.106	0.183	0.162	0.087	0.087	0.134	0.132	0.106	0.133	0.087	0.086	0.084	0.085	0.114	0.112	0.115	0.145	0.085	0.084
3:30:00	0.085	0.086	0.086	0.097	0.086	0.085	0.085	0.086	0.085	0.085	0.086	0.087	0.086	0.086	0.086	0.085	0.084	0.086	0.097	0.097	0.097	0.094	0.130	0.083	0.086	0.086	0.140	0.141	0.139	0.139	0.096	0.087	0.086	0.085	0.113	0.103	0.109	0.104	0.085	0.088	0.088	0.086	0.152	0.143	0.140	0.140	0.089	0.087	0.087	0.087	0.099	0.098	0.102	0.098	0.090	0.090	0.086	0.086	0.105	0.107	0.108	0.105	0.206	0.209	0.087	0.088	0.137	0.130	0.105	0.132	0.086	0.086	0.084	0.085	0.116	0.112	0.113	0.143	0.085	0.083
4:00:00	0.085	0.086	0.087	0.105	0.087	0.086	0.085	0.087	0.085	0.085	0.086	0.105	0.087	0.086	0.086	0.085	0.084	0.086	0.097	0.097	0.097	0.094	0.134	0.084	0.087	0.086	0.159	0.158	0.157	0.158	0.097	0.092	0.086	0.085	0.112	0.108	0.108	0.104	0.085	0.087	0.088	0.087	0.179	0.158	0.155	0.153	0.088	0.087	0.087	0.087	0.100	0.098	0.102	0.098	0.090	0.090	0.086	0.086	0.105	0.107	0.109	0.105	0.222	0.233	0.087	0.088	0.135	0.130	0.106	0.129	0.087	0.086	0.084	0.085	0.113	0.112	0.117	0.145	0.085	0.084
4:30:00	0.089	0.086	0.087	0.156	0.086	0.086	0.085	0.087	0.085	0.085	0.086	0.137	0.087	0.086	0.086	0.085	0.084	0.086	0.097	0.097	0.097	0.094	0.141	0.084	0.087	0.086	0.174	0.172	0.172	0.174	0.104	0.095	0.086	0.085	0.111	0.105	0.108	0.104	0.085	0.088	0.088	0.087	0.205	0.174	0.175	0.168	0.088	0.087	0.087	0.087	0.100	0.098	0.103	0.098	0.088	0.091	0.086	0.086	0.105	0.107	0.108	0.105	0.264	0.240	0.087	0.088	0.135	0.129	0.106	0.130	0.087	0.086	0.084	0.085	0.113	0.111	0.123	0.144	0.085	0.084
5:00:00	0.087	0.086	0.086	0.174	0.086	0.085	0.085	0.086	0.085	0.085	0.092	0.168	0.087	0.086	0.086	0.085	0.084	0.086	0.097	0.097	0.097	0.094	0.159	0.089	0.087	0.086	0.181	0.182	0.179	0.180	0.112	0.097	0.086	0.085	0.111	0.105	0.110	0.103	0.085	0.089	0.088	0.086	0.214	0.183	0.185	0.174	0.088	0.087	0.087	0.087	0.100	0.098	0.102	0.098	0.090	0.091	0.086	0.086	0.104	0.107	0.108	0.105	0.245	0.242	0.087	0.090	0.136	0.129	0.105	0.130	0.087	0.086	0.084	0.085	0.112	0.111	0.125	0.146	0.085	0.084
5:30:00	0.085	0.086	0.087	0.202	0.089	0.086	0.085	0.086	0.085	0.085	0.101	0.197	0.090	0.086	0.086	0.085	0.084	0.086	0.097	0.097	0.097	0.094	0.168	0.086	0.087	0.086	0.191	0.188	0.187	0.189	0.119	0.098	0.086	0.085	0.111	0.105	0.110	0.103	0.085	0.088	0.088	0.087	0.227	0.170	0.169	0.180	0.088	0.087	0.087	0.087	0.100	0.098	0.102	0.098	0.090	0.091	0.086	0.086	0.104	0.107	0.108	0.104	0.205	0.264	0.087	0.088	0.135	0.127	0.105	0.130	0.087	0.086	0.084	0.085	0.111	0.110	0.129	0.145	0.085	0.084
6:00:00	0.103	0.086	0.090	0.217	0.089	0.086	0.085	0.087	0.085	0.085	0.105	0.209	0.090	0.086	0.086	0.085	0.084	0.086	0.097	0.097	0.097	0.094	0.160	0.084	0.087	0.086	0.210	0.206	0.202	0.204	0.128	0.097	0.086	0.085	0.111	0.105	0.115	0.103	0.086	0.089	0.088	0.087	0.250	0.177	0.174	0.190	0.087	0.087	0.087	0.087	0.099	0.098	0.100	0.098	0.090	0.090	0.086	0.086	0.104	0.106	0.108	0.105	0.265	0.248	0.087	0.091	0.135	0.126	0.105	0.129	0.087	0.086	0.084	0.085	0.112	0.110	0.138	0.146	0.085	0.084
6:30:00	0.111	0.086	0.092	0.238	0.089	0.085	0.085	0.086	0.085	0.085	0.112	0.184	0.091	0.086	0.086	0.085	0.084	0.086	0.098	0.097	0.097	0.094	0.167	0.087	0.087	0.086	0.226	0.222	0.220	0.224	0.138	0.100	0.086	0.085	0.112	0.105	0.117	0.103	0.086	0.091	0.088	0.087	0.272	0.189	0.185	0.199	0.087	0.087	0.087	0.087	0.100	0.098	0.101	0.098	0.090	0.092	0.086	0.086	0.104	0.106	0.108	0.104	0.272	0.252	0.087	0.091	0.133	0.128	0.105	0.131	0.087	0.086	0.084	0.085	0.112	0.110	0.138	0.138	0.085	0.084
7:00:00	0.122	0.086	0.096	0.228	0.089	0.086	0.085	0.089	0.085	0.086	0.112	0.160	0.090	0.086	0.086	0.085	0.084	0.086	0.097	0.098	0.097	0.094	0.159	0.086	0.087	0.087	0.253	0.248	0.246	0.250	0.160	0.102	0.086	0.085	0.112	0.105	0.121	0.103	0.091	0.095	0.088	0.087	0.272	0.203	0.201	0.190	0.087	0.087	0.087	0.087	0.100	0.098	0.102	0.098	0.091	0.094	0.086	0.086	0.104	0.106	0.108	0.104	0.241	0.262	0.087	0.091	0.135	0.124	0.105	0.129	0.087	0.086	0.084	0.085	0.112	0.110	0.140	0.138	0.085	0.084
7:30:00	0.131	0.086	0.098	0.258	0.090	0.086	0.085	0.089	0.086	0.089	0.107	0.168	0.096	0.087	0.086	0.085	0.084	0.086	0.097	0.097	0.097	0.094	0.168	0.084	0.087	0.087	0.271	0.268	0.270	0.270	0.163	0.111	0.086	0.085	0.113	0.105	0.124	0.104	0.094	0.095	0.088	0.087	0.266	0.224	0.217	0.209	0.087	0.087	0.087	0.087	0.100	0.098	0.102	0.098	0.091	0.094	0.086	0.086	0.104	0.106	0.108	0.104	0.201	0.237	0.087	0.090	0.135	0.125	0.105	0.127	0.087	0.086	0.084	0.085	0.112	0.110	0.140	0.138	0.085	0.084
8:00:00	0.088	0.086	0.100	0.330	0.089	0.086	0.085	0.089	0.088	0.086	0.106	0.166	0.104	0.086	0.086	0.085	0.084	0.086	0.097	0.098	0.097	0.095	0.168	0.083	0.087	0.087	0.268	0.269	0.273	0.266	0.189	0.113	0.086	0.085	0.114	0.102	0.128	0.103	0.099	0.097	0.088	0.087	0.281	0.247	0.241	0.237	0.087	0.087	0.087	0.087	0.100	0.098	0.103	0.098	0.090	0.095	0.086	0.086	0.103	0.106	0.108	0.104	0.251	0.258	0.087	0.090	0.132	0.124	0.105	0.128	0.087	0.086	0.084	0.085	0.112	0.109	0.139	0.143	0.085	0.084
8:30:00	0.111	0.086	0.104	0.240	0.090	0.085	0.085	0.089	0.085	0.086	0.099	0.182	0.098	0.087	0.086	0.085	0.084	0.086	0.097	0.098	0.099	0.095	0.186	0.084	0.087	0.087	0.265	0.261	0.269	0.261	0.189	0.114	0.086	0.085	0.115	0.105	0.130	0.103	0.103	0.102	0.088	0.087	0.314	0.268	0.270	0.269	0.087	0.087	0.087	0.087	0.100	0.098	0.100	0.098	0.090	0.095	0.086	0.086	0.103	0.106	0.108	0.104	0.202	0.236	0.087	0.091	0.132	0.124	0.105	0.127	0.087	0.086	0.084	0.089	0.111	0.109	0.150	0.144	0.085	0.084
9:00:00	0.131	0.086	0.108	0.304	0.090	0.086	0.085	0.089	0.085	0.086	0.111	0.169	0.112	0.089	0.086	0.085	0.084	0.086	0.097	0.098	0.102	0.095	0.170	0.086	0.087	0.087	0.252	0.256	0.262	0.247	0.176	0.105	0.087	0.085	0.115	0.104	0.133	0.103	0.102	0.117	0.088	0.087	0.346	0.328	0.306	0.309	0.088	0.088	0.087	0.087	0.100	0.098	0.098	0.098	0.092	0.096	0.086	0.086	0.103	0.106	0.108	0.104	0.184	0.223	0.087	0.092	0.133	0.124	0.105	0.129	0.087	0.086	0.084	0.090	0.111	0.108	0.140	0.145	0.086	0.084
9:30:00	0.124	0.086	0.112	0.295	0.089	0.085	0.084	0.088	0.090	0.086	0.126	0.208	0.135	0.090	0.086	0.085	0.084	0.086	0.097	0.098	0.101	0.095	0.189	0.084	0.087	0.090	0.235	0.238	0.251	0.233	0.192	0.105	0.086	0.085	0.116	0.106	0.133	0.103	0.104	0.118	0.088	0.087	0.403	0.393	0.441	0.354	0.088	0.087	0.087	0.087	0.100	0.098	0.097	0.098	0.092	0.096	0.086	0.086	0.103	0.106	0.107	0.104	0.287	0.248	0.087	0.088	0.131	0.122	0.104	0.125	0.087	0.086	0.084	0.092	0.111	0.108	0.137	0.143	0.085	0.083
10:00:00	0.103	0.086	0.114	0.258	0.090	0.086	0.085	0.089	0.092	0.087	0.175	0.184	0.156	0.091	0.086	0.085	0.085	0.086	0.098	0.099	0.103	0.096	0.154	0.084	0.087	0.093	0.218	0.225	0.245	0.222	0.224	0.102	0.086	0.085	0.116	0.106	0.136	0.103	0.104	0.136	0.088	0.087	0.390	0.416	0.485	0.397	0.088	0.089	0.087	0.087	0.100	0.098	0.097	0.099	0.093	0.097	0.086	0.086	0.104	0.106	0.107	0.104	0.214	0.214	0.087	0.093	0.130	0.126	0.105	0.127	0.087	0.086	0.084	0.097	0.111	0.108	0.129	0.144	0.085	0.084
10:30:00	0.092	0.086	0.120	0.292	0.090	0.086	0.085	0.090	0.097	0.087	0.181	0.244	0.158	0.097	0.086	0.085	0.084	0.086	0.097	0.098	0.102	0.095	0.181	0.084	0.087	0.087	0.210	0.217	0.229	0.211	0.246	0.102	0.086	0.085	0.117	0.103	0.135	0.103	0.110	0.140	0.088	0.087	0.400	0.410	0.479	0.458	0.087	0.088	0.087	0.087	0.100	0.098	0.097	0.098	0.091	0.097	0.086	0.086	0.103	0.106	0.107	0.104	0.232	0.192	0.087	0.091	0.129	0.125	0.104	0.126	0.087	0.087	0.084	0.096	0.111	0.108	0.131	0.145	0.085	0.084
11:00:00	0.110	0.086	0.122	0.321	0.090	0.086	0.084	0.091	0.105	0.092	0.208	0.239	0.182	0.102	0.086	0.085	0.084	0.086	0.097	0.098	0.104	0.098	0.184	0.084	0.087	0.087	0.207	0.214	0.223	0.207	0.263	0.101	0.086	0.085	0.119	0.106	0.133	0.103	0.114	0.144	0.088	0.087	0.406	0.412	0.501	0.474	0.087	0.088	0.087	0.087	0.100	0.098	0.097	0.098	0.093	0.097	0.086	0.086	0.103	0.106	0.107	0.104	0.277	0.219	0.087	0.091	0.128	0.126	0.105	0.125	0.087	0.086	0.084	0.097	0.111	0.110	0.125	0.142	0.085	0.084
11:30:00	0.103	0.086	0.129	0.232	0.090	0.085	0.085	0.092	0.097	0.103	0.215	0.216	0.186	0.108	0.086	0.088	0.084	0.087	0.097	0.099	0.106	0.099	0.191	0.087	0.087	0.093	0.206	0.212	0.221	0.204	0.236	0.104	0.086	0.085	0.119	0.106	0.132	0.103	0.116	0.149	0.088	0.087	0.416	0.416	0.504	0.472	0.090	0.090	0.087	0.087	0.099	0.098	0.097	0.098	0.093	0.097	0.086	0.086	0.103	0.106	0.107	0.104	0.219	0.258	0.087	0.094	0.130	0.124	0.104	0.124	0.087	0.086	0.084	0.097	0.111	0.112	0.119	0.143	0.085	0.084
12:00:00	0.099	0.090	0.137	0.305	0.091	0.086	0.084	0.093	0.094	0.104	0.204	0.242	0.189	0.106	0.088	0.091	0.084	0.088	0.097	0.101	0.109	0.101	0.175	0.088	0.087	0.087	0.203	0.212	0.219	0.200	0.230	0.104	0.086	0.085	0.120	0.104	0.131	0.104	0.117	0.150	0.088	0.087	0.419	0.436	0.525	0.522	0.091	0.089	0.087	0.087	0.099	0.098	0.097	0.098	0.094	0.097	0.086	0.086	0.103	0.105	0.107	0.104	0.283	0.179	0.087	0.102	0.128	0.127	0.104	0.125	0.087	0.086	0.084	0.103	0.113	0.116	0.116	0.139	0.085	0.084
12:30:00	0.150	0.089	0.147	0.326	0.093	0.085	0.085	0.095	0.103	0.115	0.217	0.188	0.219	0.117	0.090	0.094	0.084	0.088	0.098	0.100	0.109	0.103	0.201	0.089	0.087	0.087	0.202	0.213	0.219	0.200	0.226	0.107	0.086	0.085	0.120	0.107	0.129	0.104	0.128	0.176	0.088	0.087	0.419	0.454	0.508	0.551	0.091	0.091	0.087	0.087	0.100	0.099	0.098	0.098	0.091	0.097	0.086	0.086	0.103	0.105	0.107	0.104	0.233	0.193	0.087	0.107	0.128	0.127	0.105	0.123	0.087	0.086	0.084	0.098	0.110	0.121	0.115	0.137	0.085	0.084
13:00:00	0.135	0.098	0.148	0.231	0.094	0.085	0.084	0.086	0.107	0.121	0.231	0.195	0.232	0.116	0.091	0.105	0.084	0.091	0.097	0.101	0.109	0.104	0.238	0.092	0.087	0.094	0.201	0.214	0.218	0.200	0.223	0.107	0.086	0.085	0.119	0.106	0.128	0.104	0.130	0.171	0.088	0.087	0.428	0.458	0.526	0.537	0.096	0.097	0.087	0.087	0.100	0.099	0.097	0.098	0.092	0.097	0.086	0.086	0.103	0.105	0.107	0.104	0.222	0.155	0.087	0.112	0.128	0.125	0.105	0.124	0.087	0.086	0.084	0.093	0.108	0.127	0.114	0.135	0.085	0.084
13:30:00	0.181	0.111	0.159	0.349	0.092	0.087	0.083	0.087	0.105	0.123	0.206	0.260	0.227	0.124	0.092	0.115	0.084	0.088	0.098	0.100	0.111	0.107	0.239	0.094	0.087	0.087	0.200	0.214	0.217	0.199	0.228	0.116	0.086	0.085	0.120	0.105	0.127	0.103	0.132	0.174	0.088	0.087	0.443	0.468	0.442	0.535	0.092	0.102	0.087	0.087	0.099	0.099	0.100	0.098	0.094	0.094	0.086	0.086	0.103	0.105	0.107	0.103	0.283	0.227	0.087	0.115	0.128	0.126	0.105	0.127	0.087	0.086	0.084	0.091	0.107	0.131	0.113	0.131	0.085	0.084
14:00:00	0.206	0.111	0.157	0.298	0.092	0.088	0.081	0.082	0.111	0.136	0.237	0.232	0.217	0.128	0.094	0.126	0.084	0.088	0.098	0.102	0.111	0.108	0.217	0.096	0.087	0.087	0.199	0.218	0.216	0.199	0.233	0.123	0.086	0.085	0.120	0.107	0.126	0.103	0.137	0.167	0.088	0.089	0.514	0.483	0.505	0.407	0.094	0.100	0.087	0.087	0.100	0.099	0.098	0.098	0.095	0.093	0.086	0.086	0.103	0.105	0.107	0.104	0.300	0.192	0.087	0.111	0.128	0.128	0.105	0.124	0.087	0.086	0.084	0.090	0.107	0.132	0.112	0.133	0.086	0.084
14:30:00	0.187	0.120	0.174	0.331	0.094	0.089	0.080	0.091	0.107	0.112	0.240	0.264	0.251	0.141	0.094	0.140	0.084	0.089	0.098	0.101	0.115	0.109	0.278	0.095	0.087	0.088	0.199	0.217	0.215	0.198	0.213	0.121	0.086	0.085	0.120	0.104	0.126	0.104	0.141	0.175	0.088	0.087	0.513	0.465	0.460	0.414	0.094	0.109	0.087	0.087	0.099	0.099	0.097	0.098	0.093	0.096	0.086	0.086	0.103	0.105	0.107	0.103	0.264	0.213	0.087	0.119	0.127	0.125	0.104	0.125	0.087	0.086	0.084	0.094	0.108	0.134	0.113	0.132	0.088	0.084
15:00:00	0.225	0.118	0.175	0.266	0.095	0.093	0.089	0.091	0.108	0.189	0.232	0.216	0.218	0.148	0.095	0.156	0.084	0.092	0.098	0.101	0.114	0.108	0.244	0.111	0.087	0.107	0.198	0.217	0.214	0.197	0.203	0.127	0.086	0.086	0.120	0.107	0.126	0.103	0.133	0.210	0.088	0.087	0.538	0.507	0.581	0.424	0.093	0.115	0.087	0.087	0.099	0.099	0.098	0.098	0.094	0.092	0.086	0.086	0.103	0.105	0.107	0.104	0.251	0.181	0.087	0.126	0.127	0.123	0.105	0.124	0.088	0.086	0.084	0.089	0.108	0.129	0.113	0.134	0.087	0.084
15:30:00	0.234	0.126	0.169	0.279	0.095	0.090	0.089	0.090	0.111	0.151	0.207	0.212	0.209	0.164	0.101	0.156	0.084	0.091	0.098	0.102	0.115	0.111	0.269	0.114	0.087	0.091	0.198	0.218	0.214	0.196	0.227	0.133	0.086	0.085	0.120	0.105	0.125	0.103	0.141	0.201	0.088	0.097	0.556	0.452	0.448	0.426	0.096	0.109	0.087	0.087	0.099	0.098	0.097	0.098	0.094	0.095	0.086	0.086	0.103	0.105	0.106	0.103	0.231	0.206	0.087	0.125	0.127	0.128	0.105	0.127	0.087	0.086	0.084	0.099	0.108	0.125	0.114	0.131	0.093	0.084
16:00:00	0.219	0.138	0.185	0.330	0.096	0.085	0.089	0.091	0.123	0.219	0.196	0.253	0.192	0.179	0.103	0.174	0.088	0.098	0.098	0.102	0.116	0.110	0.188	0.111	0.087	0.088	0.198	0.220	0.215	0.196	0.196	0.134	0.086	0.085	0.119	0.108	0.125	0.103	0.134	0.210	0.088	0.096	0.559	0.462	0.470	0.529	0.094	0.102	0.087	0.087	0.099	0.098	0.101	0.098	0.094	0.093	0.086	0.086	0.103	0.106	0.107	0.104	0.281	0.187	0.087	0.129	0.129	0.125	0.104	0.123	0.087	0.087	0.084	0.100	0.108	0.122	0.111	0.130	0.094	0.084
16:30:00	0.210	0.125	0.182	0.218	0.090	0.085	0.089	0.090	0.098	0.169	0.240	0.192	0.233	0.199	0.108	0.183	0.088	0.098	0.099	0.101	0.116	0.109	0.268	0.115	0.087	0.089	0.198	0.219	0.216	0.196	0.190	0.140	0.086	0.087	0.120	0.106	0.124	0.103	0.149	0.239	0.088	0.102	0.564	0.479	0.881	0.477	0.097	0.113	0.087	0.087	0.100	0.098	0.101	0.098	0.095	0.098	0.086	0.086	0.103	0.105	0.106	0.104	0.281	0.202	0.087	0.135	0.127	0.131	0.105	0.123	0.087	0.086	0.084	0.101	0.108	0.119	0.111	0.128	0.098	0.084
17:00:00	0.194	0.131	0.207	0.231	0.087	0.082	0.089	0.090	0.098	0.190	0.171	0.236	0.204	0.214	0.108	0.178	0.086	0.128	0.101	0.103	0.116	0.109	0.267	0.116	0.087	0.090	0.198	0.220	0.218	0.196	0.194	0.142	0.086	0.085	0.119	0.107	0.124	0.104	0.151	0.189	0.088	0.102	0.580	0.489	0.729	0.668	0.097	0.110	0.087	0.087	0.099	0.098	0.098	0.099	0.096	0.093	0.086	0.086	0.103	0.105	0.106	0.103	0.241	0.151	0.087	0.130	0.129	0.122	0.105	0.123	0.087	0.086	0.084	0.102	0.108	0.118	0.110	0.129	0.106	0.084
17:30:00	0.230	0.090	0.200	0.260	0.086	0.081	0.089	0.091	0.117	0.196	0.218	0.248	0.164	0.215	0.113	0.188	0.088	0.149	0.099	0.102	0.121	0.109	0.252	0.116	0.087	0.088	0.199	0.222	0.220	0.197	0.256	0.147	0.086	0.085	0.120	0.101	0.124	0.103	0.148	0.212	0.089	0.109	0.590	0.529	0.497	0.500	0.098	0.110	0.087	0.087	0.100	0.098	0.097	0.099	0.096	0.095	0.086	0.086	0.103	0.105	0.106	0.104	0.231	0.181	0.087	0.106	0.127	0.125	0.105	0.123	0.087	0.086	0.084	0.103	0.110	0.116	0.113	0.129	0.113	0.084
0:00:00																																																																																
0:00:00																																																																																
0:00:00																																																																																
0:00:00																																																																																
0:00:00																																																																																
0:00:00																																																																																
0:00:00																																																																																
0:00:00																																																																																
0:00:00																																																																																
0:00:00																																																																																
0:00:00																																																																																
0:00:00																																																																																
0:00:00																																																																																

