600
Kinetic read 1 (0:00:00)
	1	2	3	4	5	6	7	8	9	10	11	12
A	0.106	0.084	0.084	0.086	0.085	0.086	0.087	0.086	0.086	0.084	0.084	0.084	600 Read#1
B	0.086	0.086	0.085	0.087	0.084	0.086	0.087	0.086	0.086	0.085	0.085	0.086	600 Read#1
C	0.086	0.087	0.096	0.159	0.108	0.165	0.098	0.134	0.152	0.208	0.086	0.086	600 Read#1
D	0.086	0.087	0.097	0.161	0.105	0.165	0.097	0.136	0.284	0.208	0.086	0.085	600 Read#1
E	0.084	0.086	0.096	0.162	0.118	0.218	0.099	0.136	0.168	0.274	0.087	0.087	600 Read#1
F	0.084	0.086	0.097	0.162	0.103	0.171	0.097	0.135	0.164	0.310	0.087	0.089	600 Read#1
G	0.083	0.086	0.088	0.087	0.085	0.086	0.086	0.084	0.085	0.085	0.087	0.086	600 Read#1
H	0.086	0.085	0.083	0.085	0.086	0.087	0.087	0.085	0.086	0.083	0.085	0.086	600 Read#1

600
Kinetic read 2 (0:30:00)
	1	2	3	4	5	6	7	8	9	10	11	12
A	0.182	0.084	0.084	0.086	0.085	0.086	0.087	0.086	0.086	0.085	0.084	0.084	600 Read#2
B	0.086	0.086	0.085	0.087	0.084	0.086	0.087	0.086	0.086	0.085	0.085	0.085	600 Read#2
C	0.086	0.087	0.096	0.206	0.112	0.201	0.099	0.138	0.148	0.158	0.086	0.086	600 Read#2
D	0.086	0.087	0.097	0.207	0.110	0.207	0.098	0.133	0.154	0.164	0.086	0.086	600 Read#2
E	0.084	0.086	0.096	0.210	0.113	0.244	0.099	0.133	0.109	0.189	0.087	0.087	600 Read#2
F	0.084	0.086	0.097	0.211	0.107	0.241	0.097	0.136	0.111	0.197	0.087	0.088	600 Read#2
G	0.083	0.086	0.088	0.087	0.084	0.087	0.086	0.084	0.085	0.085	0.086	0.086	600 Read#2
H	0.086	0.085	0.083	0.085	0.086	0.087	0.087	0.085	0.086	0.083	0.085	0.086	600 Read#2

600
Kinetic read 3 (1:00:00)
	1	2	3	4	5	6	7	8	9	10	11	12
A	0.198	0.084	0.084	0.086	0.085	0.086	0.087	0.086	0.086	0.085	0.085	0.085	600 Read#3
B	0.086	0.086	0.086	0.087	0.084	0.086	0.087	0.086	0.086	0.085	0.085	0.085	600 Read#3
C	0.086	0.089	0.096	0.285	0.115	0.267	0.099	0.155	0.135	0.162	0.086	0.086	600 Read#3
D	0.086	0.093	0.097	0.288	0.112	0.281	0.098	0.131	0.147	0.159	0.087	0.086	600 Read#3
E	0.084	0.086	0.096	0.291	0.115	0.363	0.100	0.138	0.108	0.190	0.087	0.087	600 Read#3
F	0.084	0.086	0.097	0.292	0.105	0.299	0.098	0.130	0.108	0.207	0.087	0.088	600 Read#3
G	0.083	0.086	0.088	0.088	0.086	0.088	0.086	0.084	0.085	0.085	0.086	0.086	600 Read#3
H	0.086	0.085	0.083	0.085	0.086	0.088	0.087	0.085	0.086	0.083	0.085	0.086	600 Read#3

600
Kinetic read 4 (1:30:00)
	1	2	3	4	5	6	7	8	9	10	11	12
A	0.240	0.084	0.084	0.086	0.085	0.086	0.087	0.087	0.086	0.085	0.085	0.085	600 Read#4
B	0.086	0.086	0.087	0.091	0.084	0.086	0.087	0.086	0.086	0.085	0.085	0.086	600 Read#4
C	0.086	0.087	0.096	0.378	0.116	0.344	0.099	0.137	0.129	0.165	0.086	0.086	600 Read#4
D	0.088	0.087	0.097	0.380	0.112	0.380	0.098	0.126	0.140	0.171	0.087	0.086	600 Read#4
E	0.084	0.086	0.096	0.384	0.115	0.458	0.100	0.125	0.109	0.193	0.087	0.087	600 Read#4
F	0.084	0.086	0.097	0.387	0.110	0.394	0.098	0.128	0.108	0.203	0.087	0.089	600 Read#4
G	0.084	0.086	0.088	0.088	0.086	0.088	0.086	0.084	0.085	0.085	0.087	0.086	600 Read#4
H	0.086	0.085	0.083	0.085	0.086	0.088	0.087	0.085	0.086	0.084	0.085	0.086	600 Read#4

600
Kinetic read 5 (2:00:00)
	1	2	3	4	5	6	7	8	9	10	11	12
A	0.312	0.084	0.084	0.086	0.085	0.086	0.087	0.087	0.086	0.085	0.084	0.084	600 Read#5
B	0.086	0.086	0.085	0.090	0.084	0.086	0.087	0.086	0.086	0.085	0.085	0.085	600 Read#5
C	0.086	0.087	0.096	0.494	0.116	0.547	0.099	0.131	0.127	0.170	0.086	0.086	600 Read#5
D	0.093	0.096	0.097	0.497	0.112	0.544	0.098	0.124	0.137	0.170	0.087	0.086	600 Read#5
E	0.084	0.086	0.096	0.501	0.115	0.546	0.102	0.122	0.109	0.179	0.087	0.087	600 Read#5
F	0.084	0.086	0.097	0.504	0.116	0.481	0.098	0.126	0.108	0.198	0.087	0.088	600 Read#5
G	0.084	0.086	0.088	0.087	0.087	0.088	0.087	0.084	0.085	0.085	0.087	0.086	600 Read#5
H	0.086	0.085	0.083	0.085	0.086	0.087	0.088	0.085	0.086	0.083	0.085	0.086	600 Read#5

600
Kinetic read 6 (2:30:00)
	1	2	3	4	5	6	7	8	9	10	11	12
A	0.138	0.084	0.084	0.086	0.085	0.086	0.087	0.086	0.086	0.085	0.085	0.085	600 Read#6
B	0.086	0.086	0.085	0.091	0.085	0.086	0.087	0.086	0.086	0.085	0.085	0.086	600 Read#6
C	0.086	0.089	0.096	0.645	0.118	0.662	0.099	0.130	0.123	0.176	0.086	0.086	600 Read#6
D	0.128	0.104	0.097	0.647	0.112	0.699	0.098	0.122	0.133	0.182	0.087	0.086	600 Read#6
E	0.084	0.086	0.096	0.645	0.115	0.640	0.102	0.121	0.108	0.184	0.087	0.087	600 Read#6
F	0.084	0.086	0.097	0.648	0.119	0.584	0.098	0.125	0.107	0.198	0.087	0.088	600 Read#6
G	0.084	0.086	0.088	0.087	0.086	0.088	0.087	0.084	0.085	0.085	0.086	0.086	600 Read#6
H	0.086	0.085	0.083	0.085	0.086	0.087	0.087	0.085	0.086	0.083	0.085	0.086	600 Read#6

600
Kinetic read 7 (3:00:00)
	1	2	3	4	5	6	7	8	9	10	11	12
A	0.099	0.085	0.085	0.086	0.085	0.086	0.087	0.087	0.086	0.085	0.085	0.085	600 Read#7
B	0.086	0.086	0.085	0.094	0.085	0.086	0.087	0.086	0.086	0.085	0.085	0.086	600 Read#7
C	0.086	0.089	0.096	0.762	0.119	0.771	0.099	0.130	0.120	0.184	0.086	0.086	600 Read#7
D	0.104	0.117	0.097	0.762	0.113	0.817	0.098	0.121	0.131	0.157	0.087	0.086	600 Read#7
E	0.084	0.086	0.096	0.760	0.117	0.804	0.102	0.136	0.108	0.183	0.087	0.087	600 Read#7
F	0.084	0.086	0.097	0.765	0.122	0.666	0.098	0.124	0.106	0.199	0.087	0.088	600 Read#7
G	0.084	0.087	0.088	0.087	0.086	0.088	0.087	0.084	0.085	0.085	0.087	0.086	600 Read#7
H	0.086	0.085	0.083	0.085	0.086	0.088	0.087	0.085	0.086	0.083	0.085	0.096	600 Read#7

600
Kinetic read 8 (3:30:00)
	1	2	3	4	5	6	7	8	9	10	11	12
A	0.157	0.084	0.084	0.086	0.085	0.086	0.087	0.087	0.086	0.085	0.084	0.085	600 Read#8
B	0.086	0.086	0.085	0.093	0.084	0.086	0.087	0.086	0.086	0.085	0.085	0.086	600 Read#8
C	0.086	0.088	0.096	0.863	0.121	0.902	0.099	0.131	0.118	0.197	0.086	0.086	600 Read#8
D	0.127	0.132	0.097	0.862	0.114	0.881	0.099	0.120	0.130	0.193	0.087	0.086	600 Read#8
E	0.084	0.086	0.096	0.857	0.118	0.891	0.103	0.118	0.108	0.198	0.087	0.087	600 Read#8
F	0.084	0.086	0.097	0.864	0.130	0.731	0.098	0.124	0.106	0.203	0.087	0.088	600 Read#8
G	0.084	0.086	0.088	0.087	0.085	0.088	0.087	0.084	0.085	0.085	0.087	0.086	600 Read#8
H	0.087	0.085	0.083	0.085	0.086	0.087	0.087	0.085	0.086	0.083	0.085	0.096	600 Read#8

600
Kinetic read 9 (4:00:00)
	1	2	3	4	5	6	7	8	9	10	11	12
A	0.089	0.084	0.085	0.086	0.085	0.086	0.087	0.087	0.086	0.085	0.085	0.085	600 Read#9
B	0.086	0.086	0.085	0.090	0.084	0.086	0.087	0.086	0.086	0.085	0.085	0.086	600 Read#9
C	0.086	0.091	0.096	0.946	0.122	0.777	0.099	0.131	0.118	0.220	0.086	0.086	600 Read#9
D	0.150	0.156	0.097	0.945	0.116	0.874	0.099	0.120	0.128	0.238	0.087	0.086	600 Read#9
E	0.084	0.088	0.096	0.939	0.121	0.925	0.103	0.117	0.108	0.236	0.087	0.087	600 Read#9
F	0.085	0.086	0.097	0.948	0.153	0.791	0.098	0.125	0.105	0.206	0.087	0.088	600 Read#9
G	0.084	0.087	0.088	0.087	0.085	0.088	0.087	0.084	0.085	0.085	0.087	0.086	600 Read#9
H	0.091	0.085	0.083	0.085	0.086	0.088	0.088	0.085	0.086	0.084	0.085	0.099	600 Read#9

600
Kinetic read 10 (4:30:00)
	1	2	3	4	5	6	7	8	9	10	11	12
A	0.150	0.084	0.085	0.086	0.085	0.086	0.087	0.087	0.086	0.085	0.085	0.084	600 Read#10
B	0.086	0.086	0.085	0.087	0.084	0.086	0.087	0.086	0.086	0.085	0.085	0.086	600 Read#10
C	0.087	0.096	0.096	1.023	0.124	0.865	0.099	0.131	0.116	0.269	0.086	0.086	600 Read#10
D	0.201	0.170	0.097	1.022	0.117	0.934	0.099	0.120	0.127	0.209	0.087	0.086	600 Read#10
E	0.083	0.089	0.096	1.014	0.127	0.931	0.103	0.118	0.108	0.295	0.087	0.087	600 Read#10
F	0.084	0.086	0.097	1.025	0.147	0.833	0.098	0.125	0.105	0.256	0.087	0.088	600 Read#10
G	0.083	0.088	0.088	0.087	0.085	0.088	0.087	0.084	0.085	0.085	0.087	0.086	600 Read#10
H	0.099	0.088	0.083	0.085	0.086	0.087	0.087	0.085	0.086	0.083	0.085	0.099	600 Read#10

600
Kinetic read 11 (5:00:00)
	1	2	3	4	5	6	7	8	9	10	11	12
A	0.167	0.085	0.085	0.087	0.085	0.086	0.087	0.087	0.086	0.085	0.085	0.084	600 Read#11
B	0.086	0.086	0.085	0.087	0.084	0.087	0.087	0.086	0.086	0.085	0.085	0.085	600 Read#11
C	0.088	0.099	0.097	1.084	0.124	0.904	0.099	0.132	0.116	0.340	0.086	0.086	600 Read#11
D	0.211	0.191	0.097	1.082	0.118	0.998	0.099	0.120	0.127	0.264	0.087	0.086	600 Read#11
E	0.083	0.088	0.096	1.076	0.123	0.976	0.103	0.118	0.108	0.368	0.087	0.087	600 Read#11
F	0.084	0.086	0.097	1.087	0.182	0.858	0.098	0.126	0.105	0.320	0.087	0.088	600 Read#11
G	0.084	0.087	0.088	0.087	0.085	0.088	0.088	0.084	0.085	0.085	0.087	0.086	600 Read#11
H	0.104	0.098	0.083	0.085	0.086	0.088	0.087	0.085	0.086	0.084	0.085	0.100	600 Read#11

600
Kinetic read 12 (5:30:00)
	1	2	3	4	5	6	7	8	9	10	11	12
A	0.178	0.085	0.085	0.086	0.085	0.086	0.087	0.087	0.086	0.085	0.085	0.084	600 Read#12
B	0.086	0.087	0.085	0.087	0.084	0.086	0.087	0.086	0.086	0.085	0.085	0.085	600 Read#12
C	0.089	0.098	0.097	1.137	0.126	0.955	0.099	0.132	0.116	0.407	0.086	0.086	600 Read#12
D	0.201	0.210	0.097	1.135	0.120	1.053	0.100	0.120	0.124	0.322	0.086	0.086	600 Read#12
E	0.083	0.089	0.096	1.132	0.174	1.035	0.100	0.118	0.108	0.458	0.087	0.087	600 Read#12
F	0.084	0.086	0.097	1.144	0.207	0.893	0.098	0.126	0.105	0.393	0.087	0.088	600 Read#12
G	0.084	0.090	0.088	0.087	0.085	0.088	0.088	0.084	0.085	0.085	0.086	0.086	600 Read#12
H	0.107	0.127	0.083	0.085	0.086	0.087	0.087	0.085	0.086	0.083	0.085	0.101	600 Read#12

600
Kinetic read 13 (6:00:00)
	1	2	3	4	5	6	7	8	9	10	11	12
A	0.191	0.085	0.084	0.086	0.085	0.086	0.087	0.086	0.086	0.085	0.085	0.084	600 Read#13
B	0.086	0.086	0.085	0.087	0.084	0.086	0.087	0.086	0.086	0.085	0.085	0.085	600 Read#13
C	0.096	0.100	0.097	1.174	0.128	0.997	0.100	0.132	0.116	0.473	0.086	0.086	600 Read#13
D	0.210	0.230	0.098	1.172	0.123	1.101	0.099	0.120	0.124	0.392	0.087	0.085	600 Read#13
E	0.083	0.090	0.096	1.173	0.160	1.086	0.100	0.118	0.107	0.561	0.087	0.087	600 Read#13
F	0.084	0.086	0.097	1.183	0.194	0.926	0.099	0.126	0.104	0.497	0.087	0.088	600 Read#13
G	0.084	0.090	0.088	0.087	0.085	0.088	0.088	0.084	0.085	0.085	0.087	0.086	600 Read#13
H	0.125	0.135	0.083	0.085	0.086	0.087	0.087	0.085	0.086	0.083	0.085	0.104	600 Read#13

600
Kinetic read 14 (6:30:00)
	1	2	3	4	5	6	7	8	9	10	11	12
A	0.156	0.085	0.085	0.086	0.085	0.086	0.087	0.087	0.086	0.085	0.085	0.084	600 Read#14
B	0.086	0.086	0.085	0.087	0.084	0.086	0.088	0.086	0.086	0.085	0.086	0.086	600 Read#14
C	0.097	0.107	0.097	1.204	0.129	1.028	0.100	0.132	0.115	0.550	0.086	0.086	600 Read#14
D	0.266	0.237	0.098	1.201	0.125	1.136	0.100	0.120	0.124	0.442	0.087	0.086	600 Read#14
E	0.083	0.090	0.097	1.202	0.214	1.124	0.101	0.118	0.108	0.644	0.087	0.087	600 Read#14
F	0.084	0.086	0.098	1.213	0.202	0.973	0.099	0.126	0.104	0.580	0.087	0.088	600 Read#14
G	0.084	0.093	0.088	0.087	0.085	0.088	0.088	0.084	0.085	0.085	0.087	0.086	600 Read#14
H	0.137	0.159	0.084	0.085	0.086	0.088	0.087	0.086	0.086	0.084	0.085	0.107	600 Read#14

600
Kinetic read 15 (7:00:00)
	1	2	3	4	5	6	7	8	9	10	11	12
A	0.198	0.084	0.085	0.086	0.085	0.086	0.087	0.087	0.086	0.085	0.084	0.084	600 Read#15
B	0.086	0.086	0.085	0.087	0.084	0.086	0.087	0.086	0.086	0.085	0.085	0.085	600 Read#15
C	0.103	0.113	0.097	1.232	0.129	1.052	0.100	0.132	0.114	0.609	0.086	0.086	600 Read#15
D	0.270	0.255	0.098	1.230	0.127	1.167	0.099	0.120	0.122	0.497	0.086	0.085	600 Read#15
E	0.084	0.090	0.096	1.228	0.200	1.155	0.103	0.118	0.107	0.714	0.087	0.087	600 Read#15
F	0.084	0.086	0.097	1.243	0.186	1.014	0.099	0.125	0.104	0.674	0.087	0.088	600 Read#15
G	0.084	0.096	0.089	0.087	0.085	0.088	0.088	0.084	0.085	0.085	0.086	0.086	600 Read#15
H	0.145	0.188	0.083	0.085	0.085	0.087	0.087	0.085	0.086	0.083	0.085	0.108	600 Read#15

600
Kinetic read 16 (7:30:00)
	1	2	3	4	5	6	7	8	9	10	11	12
A	0.184	0.085	0.085	0.087	0.085	0.086	0.087	0.087	0.086	0.085	0.085	0.085	600 Read#16
B	0.086	0.086	0.085	0.087	0.084	0.087	0.087	0.086	0.086	0.085	0.085	0.086	600 Read#16
C	0.102	0.115	0.097	1.254	0.129	1.062	0.100	0.132	0.115	0.717	0.086	0.086	600 Read#16
D	0.286	0.237	0.099	1.251	0.129	1.192	0.101	0.121	0.122	0.560	0.087	0.086	600 Read#16
E	0.085	0.093	0.097	1.253	0.219	1.182	0.101	0.118	0.108	0.771	0.087	0.088	600 Read#16
F	0.084	0.086	0.098	1.266	0.175	1.057	0.099	0.125	0.104	0.733	0.087	0.088	600 Read#16
G	0.084	0.103	0.089	0.087	0.085	0.089	0.088	0.084	0.085	0.085	0.087	0.086	600 Read#16
H	0.163	0.190	0.083	0.085	0.086	0.087	0.087	0.085	0.086	0.083	0.085	0.111	600 Read#16

600
Kinetic read 17 (8:00:00)
	1	2	3	4	5	6	7	8	9	10	11	12
A	0.230	0.085	0.085	0.086	0.085	0.086	0.087	0.087	0.086	0.085	0.085	0.084	600 Read#17
B	0.086	0.086	0.085	0.087	0.084	0.087	0.087	0.086	0.086	0.085	0.086	0.085	600 Read#17
C	0.111	0.119	0.097	1.275	0.129	1.082	0.100	0.132	0.114	0.779	0.086	0.086	600 Read#17
D	0.283	0.219	0.099	1.272	0.131	1.217	0.102	0.121	0.120	0.605	0.087	0.085	600 Read#17
E	0.085	0.088	0.097	1.272	0.129	1.205	0.102	0.118	0.108	0.828	0.093	0.088	600 Read#17
F	0.085	0.086	0.098	1.286	0.171	1.098	0.099	0.125	0.104	0.814	0.087	0.088	600 Read#17
G	0.085	0.111	0.089	0.087	0.085	0.089	0.088	0.084	0.085	0.085	0.087	0.086	600 Read#17
H	0.163	0.231	0.083	0.085	0.086	0.087	0.087	0.085	0.086	0.083	0.085	0.118	600 Read#17

600
Kinetic read 18 (8:30:00)
	1	2	3	4	5	6	7	8	9	10	11	12
A	0.214	0.085	0.085	0.086	0.085	0.086	0.087	0.087	0.086	0.085	0.085	0.084	600 Read#18
B	0.087	0.086	0.085	0.087	0.084	0.087	0.087	0.086	0.086	0.085	0.085	0.085	600 Read#18
C	0.112	0.118	0.098	1.294	0.129	1.112	0.101	0.132	0.114	0.830	0.086	0.086	600 Read#18
D	0.252	0.228	0.099	1.290	0.132	1.241	0.102	0.121	0.122	0.647	0.086	0.085	600 Read#18
E	0.086	0.089	0.097	1.291	0.138	1.222	0.101	0.118	0.108	0.882	0.093	0.088	600 Read#18
F	0.084	0.086	0.098	1.306	0.166	1.131	0.100	0.125	0.104	0.859	0.087	0.088	600 Read#18
G	0.084	0.113	0.088	0.087	0.085	0.088	0.088	0.084	0.085	0.085	0.086	0.086	600 Read#18
H	0.190	0.246	0.083	0.085	0.086	0.087	0.087	0.085	0.086	0.083	0.085	0.129	600 Read#18

600
Kinetic read 19 (9:00:00)
	1	2	3	4	5	6	7	8	9	10	11	12
A	0.236	0.085	0.085	0.086	0.085	0.086	0.087	0.087	0.086	0.085	0.085	0.084	600 Read#19
B	0.086	0.088	0.085	0.087	0.084	0.087	0.087	0.086	0.086	0.085	0.085	0.085	600 Read#19
C	0.115	0.123	0.098	1.312	0.128	1.137	0.101	0.132	0.114	0.873	0.086	0.086	600 Read#19
D	0.282	0.216	0.099	1.308	0.132	1.262	0.102	0.121	0.122	0.685	0.088	0.085	600 Read#19
E	0.088	0.092	0.098	1.307	0.137	1.239	0.103	0.118	0.108	0.940	0.092	0.088	600 Read#19
F	0.084	0.086	0.098	1.323	0.155	1.160	0.099	0.125	0.103	0.914	0.087	0.088	600 Read#19
G	0.087	0.119	0.089	0.087	0.085	0.088	0.088	0.084	0.085	0.085	0.087	0.086	600 Read#19
H	0.205	0.268	0.083	0.085	0.086	0.087	0.087	0.085	0.086	0.083	0.086	0.153	600 Read#19

600
Kinetic read 20 (9:30:00)
	1	2	3	4	5	6	7	8	9	10	11	12
A	0.237	0.085	0.085	0.087	0.085	0.086	0.087	0.087	0.086	0.085	0.085	0.084	600 Read#20
B	0.086	0.086	0.085	0.087	0.084	0.087	0.087	0.086	0.086	0.085	0.085	0.085	600 Read#20
C	0.125	0.123	0.098	1.332	0.128	1.157	0.101	0.132	0.114	0.908	0.086	0.086	600 Read#20
D	0.266	0.174	0.099	1.330	0.133	1.274	0.101	0.121	0.121	0.715	0.087	0.085	600 Read#20
E	0.089	0.097	0.097	1.326	0.134	1.260	0.102	0.118	0.108	0.975	0.097	0.088	600 Read#20
F	0.084	0.086	0.098	1.342	0.153	1.190	0.100	0.125	0.103	0.957	0.087	0.088	600 Read#20
G	0.087	0.125	0.090	0.087	0.085	0.088	0.088	0.084	0.085	0.086	0.086	0.086	600 Read#20
H	0.219	0.226	0.085	0.085	0.086	0.088	0.087	0.085	0.086	0.083	0.086	0.165	600 Read#20

600
Kinetic read 21 (10:00:00)
	1	2	3	4	5	6	7	8	9	10	11	12
A	0.266	0.085	0.085	0.087	0.085	0.086	0.087	0.087	0.086	0.085	0.085	0.084	600 Read#21
B	0.086	0.086	0.085	0.087	0.084	0.087	0.090	0.086	0.086	0.085	0.085	0.090	600 Read#21
C	0.134	0.094	0.098	1.326	0.128	1.154	0.101	0.132	0.114	0.941	0.086	0.086	600 Read#21
D	0.267	0.177	0.100	1.323	0.133	1.289	0.102	0.121	0.120	0.765	0.088	0.086	600 Read#21
E	0.089	0.108	0.097	1.339	0.133	1.276	0.102	0.118	0.109	1.004	0.097	0.088	600 Read#21
F	0.084	0.086	0.098	1.355	0.149	1.257	0.100	0.125	0.103	0.984	0.087	0.088	600 Read#21
G	0.087	0.130	0.089	0.087	0.085	0.089	0.088	0.084	0.085	0.086	0.087	0.086	600 Read#21
H	0.266	0.264	0.086	0.085	0.086	0.088	0.087	0.085	0.086	0.083	0.085	0.180	600 Read#21

600
Kinetic read 22 (10:30:00)
	1	2	3	4	5	6	7	8	9	10	11	12
A	0.266	0.085	0.085	0.087	0.085	0.086	0.087	0.087	0.086	0.085	0.085	0.084	600 Read#22
B	0.088	0.087	0.085	0.087	0.084	0.087	0.087	0.086	0.086	0.085	0.085	0.088	600 Read#22
C	0.136	0.100	0.098	1.317	0.127	1.180	0.102	0.132	0.114	0.979	0.086	0.086	600 Read#22
D	0.272	0.179	0.099	1.313	0.133	1.304	0.102	0.121	0.120	0.821	0.088	0.085	600 Read#22
E	0.090	0.131	0.098	1.326	0.130	1.294	0.102	0.118	0.109	1.028	0.100	0.088	600 Read#22
F	0.084	0.086	0.098	1.344	0.150	1.213	0.100	0.125	0.103	1.012	0.087	0.088	600 Read#22
G	0.089	0.136	0.089	0.087	0.085	0.088	0.088	0.084	0.085	0.087	0.086	0.086	600 Read#22
H	0.254	0.239	0.087	0.085	0.086	0.088	0.087	0.085	0.086	0.083	0.085	0.200	600 Read#22

600
Kinetic read 23 (11:00:00)
	1	2	3	4	5	6	7	8	9	10	11	12
A	0.295	0.085	0.085	0.087	0.085	0.086	0.087	0.087	0.086	0.085	0.085	0.084	600 Read#23
B	0.086	0.087	0.085	0.087	0.084	0.088	0.088	0.086	0.086	0.085	0.085	0.086	600 Read#23
C	0.142	0.114	0.099	1.311	0.126	1.193	0.101	0.132	0.114	0.899	0.086	0.086	600 Read#23
D	0.277	0.164	0.099	1.307	0.132	1.321	0.101	0.121	0.120	0.889	0.088	0.086	600 Read#23
E	0.090	0.154	0.100	1.318	0.128	1.314	0.103	0.119	0.110	1.049	0.097	0.089	600 Read#23
F	0.084	0.086	0.098	1.336	0.149	1.225	0.100	0.125	0.104	1.033	0.087	0.088	600 Read#23
G	0.092	0.138	0.090	0.087	0.085	0.088	0.088	0.084	0.085	0.087	0.087	0.086	600 Read#23
H	0.249	0.270	0.085	0.086	0.086	0.088	0.087	0.085	0.086	0.084	0.085	0.196	600 Read#23

600
Kinetic read 24 (11:30:00)
	1	2	3	4	5	6	7	8	9	10	11	12
A	0.295	0.085	0.085	0.086	0.085	0.086	0.087	0.087	0.086	0.085	0.084	0.084	600 Read#24
B	0.093	0.086	0.085	0.087	0.084	0.087	0.088	0.086	0.086	0.085	0.085	0.090	600 Read#24
C	0.152	0.113	0.099	1.306	0.125	1.189	0.101	0.132	0.114	1.031	0.086	0.086	600 Read#24
D	0.266	0.179	0.100	1.302	0.131	1.296	0.101	0.121	0.120	0.948	0.088	0.086	600 Read#24
E	0.090	0.170	0.098	1.311	0.126	1.301	0.103	0.118	0.110	1.069	0.099	0.088	600 Read#24
F	0.085	0.086	0.098	1.330	0.141	1.238	0.101	0.125	0.104	1.065	0.087	0.088	600 Read#24
G	0.093	0.148	0.091	0.087	0.085	0.089	0.088	0.084	0.087	0.087	0.086	0.086	600 Read#24
H	0.240	0.281	0.086	0.085	0.086	0.087	0.087	0.085	0.086	0.083	0.085	0.201	600 Read#24

600
Kinetic read 25 (12:00:00)
	1	2	3	4	5	6	7	8	9	10	11	12
A	0.304	0.085	0.085	0.086	0.085	0.086	0.087	0.087	0.086	0.085	0.084	0.083	600 Read#25
B	0.089	0.091	0.085	0.087	0.084	0.088	0.087	0.086	0.086	0.085	0.085	0.085	600 Read#25
C	0.160	0.119	0.099	1.304	0.123	1.175	0.101	0.133	0.114	1.017	0.086	0.086	600 Read#25
D	0.333	0.251	0.100	1.299	0.131	1.291	0.101	0.121	0.120	0.995	0.089	0.085	600 Read#25
E	0.092	0.189	0.099	1.307	0.125	1.289	0.103	0.118	0.110	1.092	0.099	0.088	600 Read#25
F	0.084	0.088	0.098	1.327	0.139	1.248	0.100	0.125	0.104	1.078	0.087	0.088	600 Read#25
G	0.093	0.149	0.091	0.087	0.085	0.088	0.088	0.084	0.086	0.087	0.087	0.086	600 Read#25
H	0.178	0.272	0.086	0.085	0.086	0.087	0.087	0.085	0.086	0.083	0.085	0.209	600 Read#25

600
Kinetic read 26 (12:30:00)
	1	2	3	4	5	6	7	8	9	10	11	12
A	0.289	0.085	0.086	0.086	0.085	0.086	0.087	0.087	0.086	0.085	0.084	0.081	600 Read#26
B	0.092	0.098	0.094	0.087	0.084	0.087	0.088	0.086	0.086	0.085	0.085	0.082	600 Read#26
C	0.159	0.121	0.099	1.302	0.123	1.164	0.102	0.133	0.115	1.005	0.086	0.086	600 Read#26
D	0.232	0.227	0.100	1.296	0.130	1.283	0.102	0.121	0.119	1.032	0.089	0.085	600 Read#26
E	0.093	0.211	0.099	1.304	0.124	1.284	0.103	0.119	0.110	1.111	0.097	0.088	600 Read#26
F	0.084	0.092	0.099	1.324	0.138	1.261	0.100	0.125	0.104	1.098	0.087	0.088	600 Read#26
G	0.094	0.155	0.091	0.087	0.085	0.089	0.089	0.084	0.086	0.088	0.087	0.086	600 Read#26
H	0.261	0.291	0.087	0.085	0.086	0.088	0.087	0.085	0.086	0.083	0.085	0.212	600 Read#26

600
Kinetic read 27 (13:00:00)
	1	2	3	4	5	6	7	8	9	10	11	12
A	0.349	0.085	0.085	0.086	0.085	0.086	0.087	0.087	0.086	0.085	0.084	0.088	600 Read#27
B	0.091	0.087	0.095	0.087	0.085	0.088	0.088	0.086	0.086	0.085	0.085	0.080	600 Read#27
C	0.163	0.150	0.099	1.301	0.123	1.156	0.101	0.133	0.115	1.046	0.086	0.086	600 Read#27
D	0.284	0.295	0.100	1.296	0.130	1.279	0.102	0.120	0.121	1.067	0.089	0.085	600 Read#27
E	0.095	0.219	0.100	1.302	0.124	1.275	0.104	0.119	0.110	1.128	0.099	0.088	600 Read#27
F	0.085	0.095	0.099	1.322	0.126	1.274	0.100	0.125	0.104	1.111	0.087	0.088	600 Read#27
G	0.096	0.160	0.090	0.087	0.085	0.089	0.089	0.084	0.087	0.088	0.087	0.086	600 Read#27
H	0.246	0.283	0.089	0.086	0.086	0.088	0.087	0.085	0.086	0.084	0.086	0.239	600 Read#27

600
Kinetic read 28 (13:30:00)
	1	2	3	4	5	6	7	8	9	10	11	12
A	0.349	0.085	0.085	0.086	0.085	0.086	0.087	0.087	0.086	0.085	0.085	0.088	600 Read#28
B	0.107	0.104	0.095	0.087	0.084	0.088	0.087	0.086	0.086	0.085	0.085	0.089	600 Read#28
C	0.177	0.167	0.100	1.300	0.124	1.158	0.102	0.133	0.115	1.059	0.086	0.086	600 Read#28
D	0.294	0.249	0.100	1.295	0.129	1.273	0.102	0.120	0.121	1.084	0.090	0.085	600 Read#28
E	0.094	0.215	0.100	1.301	0.122	1.278	0.103	0.119	0.111	1.147	0.097	0.089	600 Read#28
F	0.084	0.097	0.099	1.321	0.127	1.304	0.101	0.125	0.104	1.128	0.087	0.088	600 Read#28
G	0.084	0.165	0.091	0.087	0.085	0.088	0.089	0.084	0.086	0.093	0.086	0.086	600 Read#28
H	0.128	0.296	0.090	0.086	0.086	0.088	0.087	0.085	0.086	0.083	0.087	0.226	600 Read#28

600
Kinetic read 29 (14:00:00)
	1	2	3	4	5	6	7	8	9	10	11	12
A	0.304	0.085	0.085	0.087	0.085	0.087	0.087	0.087	0.086	0.085	0.085	0.088	600 Read#29
B	0.112	0.103	0.085	0.087	0.084	0.089	0.088	0.086	0.086	0.085	0.085	0.089	600 Read#29
C	0.176	0.201	0.100	1.300	0.123	1.161	0.102	0.133	0.116	1.083	0.086	0.083	600 Read#29
D	0.296	0.281	0.100	1.295	0.129	1.267	0.102	0.120	0.120	1.120	0.090	0.085	600 Read#29
E	0.095	0.234	0.101	1.300	0.123	1.269	0.103	0.119	0.110	1.146	0.100	0.089	600 Read#29
F	0.084	0.099	0.099	1.321	0.129	1.321	0.101	0.126	0.104	1.150	0.087	0.088	600 Read#29
G	0.084	0.172	0.091	0.087	0.085	0.089	0.089	0.084	0.087	0.089	0.087	0.086	600 Read#29
H	0.089	0.275	0.091	0.086	0.086	0.088	0.087	0.086	0.086	0.084	0.087	0.250	600 Read#29

600
Kinetic read 30 (14:30:00)
	1	2	3	4	5	6	7	8	9	10	11	12
A	0.325	0.086	0.087	0.087	0.085	0.087	0.087	0.087	0.086	0.085	0.084	0.088	600 Read#30
B	0.123	0.122	0.098	0.090	0.084	0.088	0.088	0.086	0.086	0.085	0.085	0.089	600 Read#30
C	0.180	0.214	0.100	1.300	0.121	1.163	0.102	0.133	0.116	1.117	0.086	0.081	600 Read#30
D	0.267	0.174	0.100	1.295	0.127	1.260	0.102	0.120	0.119	1.149	0.100	0.085	600 Read#30
E	0.096	0.226	0.101	1.301	0.122	1.275	0.103	0.119	0.111	1.139	0.102	0.093	600 Read#30
F	0.085	0.095	0.099	1.320	0.128	1.309	0.101	0.126	0.104	1.166	0.087	0.088	600 Read#30
G	0.082	0.180	0.092	0.087	0.085	0.088	0.089	0.084	0.089	0.087	0.087	0.086	600 Read#30
H	0.082	0.262	0.094	0.086	0.086	0.088	0.087	0.085	0.086	0.083	0.088	0.216	600 Read#30

600
Kinetic read 31 (15:00:00)
	1	2	3	4	5	6	7	8	9	10	11	12
A	0.313	0.097	0.085	0.087	0.085	0.087	0.087	0.087	0.086	0.085	0.085	0.088	600 Read#31
B	0.134	0.119	0.094	0.092	0.085	0.089	0.088	0.086	0.086	0.085	0.085	0.091	600 Read#31
C	0.192	0.255	0.101	1.301	0.121	1.163	0.102	0.133	0.116	1.131	0.086	0.090	600 Read#31
D	0.279	0.275	0.101	1.296	0.126	1.269	0.102	0.120	0.122	1.177	0.101	0.085	600 Read#31
E	0.096	0.238	0.101	1.301	0.121	1.276	0.104	0.119	0.111	1.138	0.104	0.096	600 Read#31
F	0.084	0.093	0.101	1.321	0.131	1.298	0.101	0.126	0.105	1.147	0.087	0.088	600 Read#31
G	0.080	0.176	0.099	0.087	0.085	0.089	0.088	0.084	0.088	0.089	0.087	0.086	600 Read#31
H	0.125	0.244	0.092	0.086	0.086	0.088	0.087	0.085	0.086	0.083	0.090	0.259	600 Read#31

600
Kinetic read 32 (15:30:00)
	1	2	3	4	5	6	7	8	9	10	11	12
A	0.307	0.106	0.085	0.087	0.085	0.087	0.087	0.087	0.086	0.085	0.085	0.088	600 Read#32
B	0.136	0.101	0.093	0.101	0.084	0.089	0.094	0.086	0.086	0.085	0.085	0.091	600 Read#32
C	0.196	0.251	0.102	1.301	0.121	1.163	0.102	0.133	0.116	1.149	0.086	0.090	600 Read#32
D	0.255	0.243	0.101	1.297	0.126	1.264	0.102	0.120	0.120	1.178	0.101	0.083	600 Read#32
E	0.097	0.255	0.102	1.301	0.122	1.298	0.103	0.119	0.111	1.136	0.104	0.108	600 Read#32
F	0.084	0.101	0.101	1.321	0.131	1.291	0.101	0.126	0.104	1.148	0.087	0.088	600 Read#32
G	0.081	0.183	0.105	0.087	0.085	0.088	0.088	0.085	0.089	0.090	0.087	0.086	600 Read#32
H	0.124	0.265	0.094	0.086	0.086	0.088	0.087	0.086	0.086	0.084	0.091	0.266	600 Read#32

600
Kinetic read 33 (16:00:00)
	1	2	3	4	5	6	7	8	9	10	11	12
A	0.323	0.109	0.090	0.087	0.085	0.087	0.087	0.087	0.086	0.085	0.085	0.088	600 Read#33
B	0.139	0.117	0.106	0.091	0.085	0.090	0.088	0.086	0.086	0.085	0.085	0.091	600 Read#33
C	0.164	0.238	0.102	1.302	0.120	1.163	0.102	0.133	0.116	1.168	0.086	0.089	600 Read#33
D	0.242	0.281	0.102	1.299	0.126	1.261	0.102	0.121	0.123	1.188	0.100	0.081	600 Read#33
E	0.098	0.244	0.103	1.302	0.120	1.295	0.104	0.119	0.112	1.145	0.104	0.111	600 Read#33
F	0.084	0.101	0.101	1.322	0.128	1.290	0.101	0.126	0.104	1.143	0.087	0.088	600 Read#33
G	0.088	0.192	0.107	0.087	0.085	0.088	0.088	0.084	0.088	0.090	0.087	0.086	600 Read#33
H	0.124	0.235	0.095	0.086	0.087	0.087	0.087	0.085	0.086	0.083	0.093	0.184	600 Read#33

600
Kinetic read 34 (16:30:00)
	1	2	3	4	5	6	7	8	9	10	11	12
A	0.328	0.111	0.089	0.087	0.085	0.087	0.087	0.087	0.086	0.085	0.085	0.088	600 Read#34
B	0.138	0.119	0.089	0.092	0.085	0.098	0.088	0.086	0.086	0.085	0.085	0.091	600 Read#34
C	0.200	0.258	0.102	1.303	0.120	1.164	0.102	0.134	0.116	1.166	0.086	0.089	600 Read#34
D	0.296	0.149	0.105	1.300	0.125	1.264	0.103	0.121	0.123	1.204	0.101	0.083	600 Read#34
E	0.099	0.243	0.104	1.303	0.121	1.293	0.104	0.119	0.112	1.142	0.105	0.110	600 Read#34
F	0.082	0.106	0.101	1.323	0.126	1.286	0.101	0.126	0.104	1.137	0.089	0.089	600 Read#34
G	0.088	0.195	0.109	0.090	0.085	0.088	0.088	0.084	0.088	0.092	0.087	0.086	600 Read#34
H	0.125	0.176	0.097	0.086	0.087	0.088	0.087	0.086	0.087	0.085	0.094	0.185	600 Read#34

600
Kinetic read 35 (17:00:00)
	1	2	3	4	5	6	7	8	9	10	11	12
A	0.285	0.118	0.094	0.087	0.085	0.087	0.087	0.087	0.086	0.085	0.085	0.088	600 Read#35
B	0.149	0.133	0.100	0.089	0.085	0.092	0.089	0.086	0.086	0.085	0.086	0.091	600 Read#35
C	0.205	0.232	0.103	1.304	0.120	1.164	0.102	0.134	0.117	1.153	0.086	0.090	600 Read#35
D	0.339	0.156	0.104	1.302	0.124	1.265	0.102	0.121	0.120	1.191	0.102	0.090	600 Read#35
E	0.100	0.243	0.105	1.304	0.121	1.291	0.103	0.119	0.112	1.141	0.105	0.110	600 Read#35
F	0.080	0.107	0.101	1.324	0.136	1.283	0.101	0.126	0.104	1.135	0.089	0.088	600 Read#35
G	0.088	0.195	0.111	0.089	0.085	0.088	0.088	0.084	0.087	0.097	0.087	0.086	600 Read#35
H	0.125	0.253	0.099	0.086	0.086	0.088	0.087	0.085	0.086	0.085	0.094	0.250	600 Read#35

600
Kinetic read 36 (17:30:00)
	1	2	3	4	5	6	7	8	9	10	11	12
A	0.347	0.124	0.085	0.087	0.085	0.087	0.087	0.087	0.086	0.085	0.084	0.088	600 Read#36
B	0.149	0.105	0.096	0.104	0.084	0.109	0.089	0.086	0.086	0.085	0.085	0.091	600 Read#36
C	0.208	0.224	0.103	1.305	0.120	1.366	0.102	0.133	0.115	1.159	0.086	0.089	600 Read#36
D	0.298	0.289	0.103	1.303	0.123	1.255	0.103	0.121	0.120	1.187	0.101	0.090	600 Read#36
E	0.088	0.219	0.105	1.304	0.121	1.289	0.103	0.119	0.112	1.140	0.105	0.110	600 Read#36
F	0.080	0.107	0.101	1.324	0.147	1.286	0.101	0.126	0.104	1.137	0.088	0.088	600 Read#36
G	0.088	0.201	0.116	0.090	0.085	0.088	0.088	0.084	0.087	0.091	0.087	0.086	600 Read#36
H	0.126	0.149	0.101	0.086	0.086	0.087	0.087	0.085	0.086	0.085	0.095	0.224	600 Read#36

600
Kinetic read 37 (0:00:00)
	1	2	3	4	5	6	7	8	9	10	11	12
A													600 Read#37
B													600 Read#37
C													600 Read#37
D													600 Read#37
E													600 Read#37
F													600 Read#37
G													600 Read#37
H													600 Read#37

600
Kinetic read 38 (0:00:00)
	1	2	3	4	5	6	7	8	9	10	11	12
A													600 Read#38
B													600 Read#38
C													600 Read#38
D													600 Read#38
E													600 Read#38
F													600 Read#38
G													600 Read#38
H													600 Read#38

600
Kinetic read 39 (0:00:00)
	1	2	3	4	5	6	7	8	9	10	11	12
A													600 Read#39
B													600 Read#39
C													600 Read#39
D													600 Read#39
E													600 Read#39
F													600 Read#39
G													600 Read#39
H													600 Read#39

600
Kinetic read 40 (0:00:00)
	1	2	3	4	5	6	7	8	9	10	11	12
A													600 Read#40
B													600 Read#40
C													600 Read#40
D													600 Read#40
E													600 Read#40
F													600 Read#40
G													600 Read#40
H													600 Read#40

600
Kinetic read 41 (0:00:00)
	1	2	3	4	5	6	7	8	9	10	11	12
A													600 Read#41
B													600 Read#41
C													600 Read#41
D													600 Read#41
E													600 Read#41
F													600 Read#41
G													600 Read#41
H													600 Read#41

600
Kinetic read 42 (0:00:00)
	1	2	3	4	5	6	7	8	9	10	11	12
A													600 Read#42
B													600 Read#42
C													600 Read#42
D													600 Read#42
E													600 Read#42
F													600 Read#42
G													600 Read#42
H													600 Read#42

600
Kinetic read 43 (0:00:00)
	1	2	3	4	5	6	7	8	9	10	11	12
A													600 Read#43
B													600 Read#43
C													600 Read#43
D													600 Read#43
E													600 Read#43
F													600 Read#43
G													600 Read#43
H													600 Read#43

600
Kinetic read 44 (0:00:00)
	1	2	3	4	5	6	7	8	9	10	11	12
A													600 Read#44
B													600 Read#44
C													600 Read#44
D													600 Read#44
E													600 Read#44
F													600 Read#44
G													600 Read#44
H													600 Read#44

600
Kinetic read 45 (0:00:00)
	1	2	3	4	5	6	7	8	9	10	11	12
A													600 Read#45
B													600 Read#45
C													600 Read#45
D													600 Read#45
E													600 Read#45
F													600 Read#45
G													600 Read#45
H													600 Read#45

600
Kinetic read 46 (0:00:00)
	1	2	3	4	5	6	7	8	9	10	11	12
A													600 Read#46
B													600 Read#46
C													600 Read#46
D													600 Read#46
E													600 Read#46
F													600 Read#46
G													600 Read#46
H													600 Read#46

600
Kinetic read 47 (0:00:00)
	1	2	3	4	5	6	7	8	9	10	11	12
A													600 Read#47
B													600 Read#47
C													600 Read#47
D													600 Read#47
E													600 Read#47
F													600 Read#47
G													600 Read#47
H													600 Read#47

600
Kinetic read 48 (0:00:00)
	1	2	3	4	5	6	7	8	9	10	11	12
A													600 Read#48
B													600 Read#48
C													600 Read#48
D													600 Read#48
E													600 Read#48
F													600 Read#48
G													600 Read#48
H													600 Read#48

600
Kinetic read 49 (0:00:00)
	1	2	3	4	5	6	7	8	9	10	11	12
A													600 Read#49
B													600 Read#49
C													600 Read#49
D													600 Read#49
E													600 Read#49
F													600 Read#49
G													600 Read#49
H													600 Read#49

600

Kinetic read	A1	B1	C1	D1	E1	F1	G1	H1	A2	B2	C2	D2	E2	F2	G2	H2	A3	B3	C3	D3	E3	F3	G3	H3	A4	B4	C4	D4	E4	F4	G4	H4	A5	B5	C5	D5	E5	F5	G5	H5	A6	B6	C6	D6	E6	F6	G6	H6	A7	B7	C7	D7	E7	F7	G7	H7	A8	B8	C8	D8	E8	F8	G8	H8	A9	B9	C9	D9	E9	F9	G9	H9	A10	B10	C10	D10	E10	F10	G10	H10
0:00:00	0.106	0.086	0.086	0.086	0.084	0.084	0.083	0.086	0.084	0.086	0.087	0.087	0.086	0.086	0.086	0.085	0.084	0.085	0.096	0.097	0.096	0.097	0.088	0.083	0.086	0.087	0.159	0.161	0.162	0.162	0.087	0.085	0.085	0.084	0.108	0.105	0.118	0.103	0.085	0.086	0.086	0.086	0.165	0.165	0.218	0.171	0.086	0.087	0.087	0.087	0.098	0.097	0.099	0.097	0.086	0.087	0.086	0.086	0.134	0.136	0.136	0.135	0.084	0.085	0.086	0.086	0.152	0.284	0.168	0.164	0.085	0.086	0.084	0.085	0.208	0.208	0.274	0.310	0.085	0.083
0:30:00	0.182	0.086	0.086	0.086	0.084	0.084	0.083	0.086	0.084	0.086	0.087	0.087	0.086	0.086	0.086	0.085	0.084	0.085	0.096	0.097	0.096	0.097	0.088	0.083	0.086	0.087	0.206	0.207	0.210	0.211	0.087	0.085	0.085	0.084	0.112	0.110	0.113	0.107	0.084	0.086	0.086	0.086	0.201	0.207	0.244	0.241	0.087	0.087	0.087	0.087	0.099	0.098	0.099	0.097	0.086	0.087	0.086	0.086	0.138	0.133	0.133	0.136	0.084	0.085	0.086	0.086	0.148	0.154	0.109	0.111	0.085	0.086	0.085	0.085	0.158	0.164	0.189	0.197	0.085	0.083
1:00:00	0.198	0.086	0.086	0.086	0.084	0.084	0.083	0.086	0.084	0.086	0.089	0.093	0.086	0.086	0.086	0.085	0.084	0.086	0.096	0.097	0.096	0.097	0.088	0.083	0.086	0.087	0.285	0.288	0.291	0.292	0.088	0.085	0.085	0.084	0.115	0.112	0.115	0.105	0.086	0.086	0.086	0.086	0.267	0.281	0.363	0.299	0.088	0.088	0.087	0.087	0.099	0.098	0.100	0.098	0.086	0.087	0.086	0.086	0.155	0.131	0.138	0.130	0.084	0.085	0.086	0.086	0.135	0.147	0.108	0.108	0.085	0.086	0.085	0.085	0.162	0.159	0.190	0.207	0.085	0.083
1:30:00	0.240	0.086	0.086	0.088	0.084	0.084	0.084	0.086	0.084	0.086	0.087	0.087	0.086	0.086	0.086	0.085	0.084	0.087	0.096	0.097	0.096	0.097	0.088	0.083	0.086	0.091	0.378	0.380	0.384	0.387	0.088	0.085	0.085	0.084	0.116	0.112	0.115	0.110	0.086	0.086	0.086	0.086	0.344	0.380	0.458	0.394	0.088	0.088	0.087	0.087	0.099	0.098	0.100	0.098	0.086	0.087	0.087	0.086	0.137	0.126	0.125	0.128	0.084	0.085	0.086	0.086	0.129	0.140	0.109	0.108	0.085	0.086	0.085	0.085	0.165	0.171	0.193	0.203	0.085	0.084
2:00:00	0.312	0.086	0.086	0.093	0.084	0.084	0.084	0.086	0.084	0.086	0.087	0.096	0.086	0.086	0.086	0.085	0.084	0.085	0.096	0.097	0.096	0.097	0.088	0.083	0.086	0.090	0.494	0.497	0.501	0.504	0.087	0.085	0.085	0.084	0.116	0.112	0.115	0.116	0.087	0.086	0.086	0.086	0.547	0.544	0.546	0.481	0.088	0.087	0.087	0.087	0.099	0.098	0.102	0.098	0.087	0.088	0.087	0.086	0.131	0.124	0.122	0.126	0.084	0.085	0.086	0.086	0.127	0.137	0.109	0.108	0.085	0.086	0.085	0.085	0.170	0.170	0.179	0.198	0.085	0.083
2:30:00	0.138	0.086	0.086	0.128	0.084	0.084	0.084	0.086	0.084	0.086	0.089	0.104	0.086	0.086	0.086	0.085	0.084	0.085	0.096	0.097	0.096	0.097	0.088	0.083	0.086	0.091	0.645	0.647	0.645	0.648	0.087	0.085	0.085	0.085	0.118	0.112	0.115	0.119	0.086	0.086	0.086	0.086	0.662	0.699	0.640	0.584	0.088	0.087	0.087	0.087	0.099	0.098	0.102	0.098	0.087	0.087	0.086	0.086	0.130	0.122	0.121	0.125	0.084	0.085	0.086	0.086	0.123	0.133	0.108	0.107	0.085	0.086	0.085	0.085	0.176	0.182	0.184	0.198	0.085	0.083
3:00:00	0.099	0.086	0.086	0.104	0.084	0.084	0.084	0.086	0.085	0.086	0.089	0.117	0.086	0.086	0.087	0.085	0.085	0.085	0.096	0.097	0.096	0.097	0.088	0.083	0.086	0.094	0.762	0.762	0.760	0.765	0.087	0.085	0.085	0.085	0.119	0.113	0.117	0.122	0.086	0.086	0.086	0.086	0.771	0.817	0.804	0.666	0.088	0.088	0.087	0.087	0.099	0.098	0.102	0.098	0.087	0.087	0.087	0.086	0.130	0.121	0.136	0.124	0.084	0.085	0.086	0.086	0.120	0.131	0.108	0.106	0.085	0.086	0.085	0.085	0.184	0.157	0.183	0.199	0.085	0.083
3:30:00	0.157	0.086	0.086	0.127	0.084	0.084	0.084	0.087	0.084	0.086	0.088	0.132	0.086	0.086	0.086	0.085	0.084	0.085	0.096	0.097	0.096	0.097	0.088	0.083	0.086	0.093	0.863	0.862	0.857	0.864	0.087	0.085	0.085	0.084	0.121	0.114	0.118	0.130	0.085	0.086	0.086	0.086	0.902	0.881	0.891	0.731	0.088	0.087	0.087	0.087	0.099	0.099	0.103	0.098	0.087	0.087	0.087	0.086	0.131	0.120	0.118	0.124	0.084	0.085	0.086	0.086	0.118	0.130	0.108	0.106	0.085	0.086	0.085	0.085	0.197	0.193	0.198	0.203	0.085	0.083
4:00:00	0.089	0.086	0.086	0.150	0.084	0.085	0.084	0.091	0.084	0.086	0.091	0.156	0.088	0.086	0.087	0.085	0.085	0.085	0.096	0.097	0.096	0.097	0.088	0.083	0.086	0.090	0.946	0.945	0.939	0.948	0.087	0.085	0.085	0.084	0.122	0.116	0.121	0.153	0.085	0.086	0.086	0.086	0.777	0.874	0.925	0.791	0.088	0.088	0.087	0.087	0.099	0.099	0.103	0.098	0.087	0.088	0.087	0.086	0.131	0.120	0.117	0.125	0.084	0.085	0.086	0.086	0.118	0.128	0.108	0.105	0.085	0.086	0.085	0.085	0.220	0.238	0.236	0.206	0.085	0.084
4:30:00	0.150	0.086	0.087	0.201	0.083	0.084	0.083	0.099	0.084	0.086	0.096	0.170	0.089	0.086	0.088	0.088	0.085	0.085	0.096	0.097	0.096	0.097	0.088	0.083	0.086	0.087	1.023	1.022	1.014	1.025	0.087	0.085	0.085	0.084	0.124	0.117	0.127	0.147	0.085	0.086	0.086	0.086	0.865	0.934	0.931	0.833	0.088	0.087	0.087	0.087	0.099	0.099	0.103	0.098	0.087	0.087	0.087	0.086	0.131	0.120	0.118	0.125	0.084	0.085	0.086	0.086	0.116	0.127	0.108	0.105	0.085	0.086	0.085	0.085	0.269	0.209	0.295	0.256	0.085	0.083
5:00:00	0.167	0.086	0.088	0.211	0.083	0.084	0.084	0.104	0.085	0.086	0.099	0.191	0.088	0.086	0.087	0.098	0.085	0.085	0.097	0.097	0.096	0.097	0.088	0.083	0.087	0.087	1.084	1.082	1.076	1.087	0.087	0.085	0.085	0.084	0.124	0.118	0.123	0.182	0.085	0.086	0.086	0.087	0.904	0.998	0.976	0.858	0.088	0.088	0.087	0.087	0.099	0.099	0.103	0.098	0.088	0.087	0.087	0.086	0.132	0.120	0.118	0.126	0.084	0.085	0.086	0.086	0.116	0.127	0.108	0.105	0.085	0.086	0.085	0.085	0.340	0.264	0.368	0.320	0.085	0.084
5:30:00	0.178	0.086	0.089	0.201	0.083	0.084	0.084	0.107	0.085	0.087	0.098	0.210	0.089	0.086	0.090	0.127	0.085	0.085	0.097	0.097	0.096	0.097	0.088	0.083	0.086	0.087	1.137	1.135	1.132	1.144	0.087	0.085	0.085	0.084	0.126	0.120	0.174	0.207	0.085	0.086	0.086	0.086	0.955	1.053	1.035	0.893	0.088	0.087	0.087	0.087	0.099	0.100	0.100	0.098	0.088	0.087	0.087	0.086	0.132	0.120	0.118	0.126	0.084	0.085	0.086	0.086	0.116	0.124	0.108	0.105	0.085	0.086	0.085	0.085	0.407	0.322	0.458	0.393	0.085	0.083
6:00:00	0.191	0.086	0.096	0.210	0.083	0.084	0.084	0.125	0.085	0.086	0.100	0.230	0.090	0.086	0.090	0.135	0.084	0.085	0.097	0.098	0.096	0.097	0.088	0.083	0.086	0.087	1.174	1.172	1.173	1.183	0.087	0.085	0.085	0.084	0.128	0.123	0.160	0.194	0.085	0.086	0.086	0.086	0.997	1.101	1.086	0.926	0.088	0.087	0.087	0.087	0.100	0.099	0.100	0.099	0.088	0.087	0.086	0.086	0.132	0.120	0.118	0.126	0.084	0.085	0.086	0.086	0.116	0.124	0.107	0.104	0.085	0.086	0.085	0.085	0.473	0.392	0.561	0.497	0.085	0.083
6:30:00	0.156	0.086	0.097	0.266	0.083	0.084	0.084	0.137	0.085	0.086	0.107	0.237	0.090	0.086	0.093	0.159	0.085	0.085	0.097	0.098	0.097	0.098	0.088	0.084	0.086	0.087	1.204	1.201	1.202	1.213	0.087	0.085	0.085	0.084	0.129	0.125	0.214	0.202	0.085	0.086	0.086	0.086	1.028	1.136	1.124	0.973	0.088	0.088	0.087	0.088	0.100	0.100	0.101	0.099	0.088	0.087	0.087	0.086	0.132	0.120	0.118	0.126	0.084	0.086	0.086	0.086	0.115	0.124	0.108	0.104	0.085	0.086	0.085	0.085	0.550	0.442	0.644	0.580	0.085	0.084
7:00:00	0.198	0.086	0.103	0.270	0.084	0.084	0.084	0.145	0.084	0.086	0.113	0.255	0.090	0.086	0.096	0.188	0.085	0.085	0.097	0.098	0.096	0.097	0.089	0.083	0.086	0.087	1.232	1.230	1.228	1.243	0.087	0.085	0.085	0.084	0.129	0.127	0.200	0.186	0.085	0.085	0.086	0.086	1.052	1.167	1.155	1.014	0.088	0.087	0.087	0.087	0.100	0.099	0.103	0.099	0.088	0.087	0.087	0.086	0.132	0.120	0.118	0.125	0.084	0.085	0.086	0.086	0.114	0.122	0.107	0.104	0.085	0.086	0.085	0.085	0.609	0.497	0.714	0.674	0.085	0.083
7:30:00	0.184	0.086	0.102	0.286	0.085	0.084	0.084	0.163	0.085	0.086	0.115	0.237	0.093	0.086	0.103	0.190	0.085	0.085	0.097	0.099	0.097	0.098	0.089	0.083	0.087	0.087	1.254	1.251	1.253	1.266	0.087	0.085	0.085	0.084	0.129	0.129	0.219	0.175	0.085	0.086	0.086	0.087	1.062	1.192	1.182	1.057	0.089	0.087	0.087	0.087	0.100	0.101	0.101	0.099	0.088	0.087	0.087	0.086	0.132	0.121	0.118	0.125	0.084	0.085	0.086	0.086	0.115	0.122	0.108	0.104	0.085	0.086	0.085	0.085	0.717	0.560	0.771	0.733	0.085	0.083
8:00:00	0.230	0.086	0.111	0.283	0.085	0.085	0.085	0.163	0.085	0.086	0.119	0.219	0.088	0.086	0.111	0.231	0.085	0.085	0.097	0.099	0.097	0.098	0.089	0.083	0.086	0.087	1.275	1.272	1.272	1.286	0.087	0.085	0.085	0.084	0.129	0.131	0.129	0.171	0.085	0.086	0.086	0.087	1.082	1.217	1.205	1.098	0.089	0.087	0.087	0.087	0.100	0.102	0.102	0.099	0.088	0.087	0.087	0.086	0.132	0.121	0.118	0.125	0.084	0.085	0.086	0.086	0.114	0.120	0.108	0.104	0.085	0.086	0.085	0.085	0.779	0.605	0.828	0.814	0.085	0.083
8:30:00	0.214	0.087	0.112	0.252	0.086	0.084	0.084	0.190	0.085	0.086	0.118	0.228	0.089	0.086	0.113	0.246	0.085	0.085	0.098	0.099	0.097	0.098	0.088	0.083	0.086	0.087	1.294	1.290	1.291	1.306	0.087	0.085	0.085	0.084	0.129	0.132	0.138	0.166	0.085	0.086	0.086	0.087	1.112	1.241	1.222	1.131	0.088	0.087	0.087	0.087	0.101	0.102	0.101	0.100	0.088	0.087	0.087	0.086	0.132	0.121	0.118	0.125	0.084	0.085	0.086	0.086	0.114	0.122	0.108	0.104	0.085	0.086	0.085	0.085	0.830	0.647	0.882	0.859	0.085	0.083
9:00:00	0.236	0.086	0.115	0.282	0.088	0.084	0.087	0.205	0.085	0.088	0.123	0.216	0.092	0.086	0.119	0.268	0.085	0.085	0.098	0.099	0.098	0.098	0.089	0.083	0.086	0.087	1.312	1.308	1.307	1.323	0.087	0.085	0.085	0.084	0.128	0.132	0.137	0.155	0.085	0.086	0.086	0.087	1.137	1.262	1.239	1.160	0.088	0.087	0.087	0.087	0.101	0.102	0.103	0.099	0.088	0.087	0.087	0.086	0.132	0.121	0.118	0.125	0.084	0.085	0.086	0.086	0.114	0.122	0.108	0.103	0.085	0.086	0.085	0.085	0.873	0.685	0.940	0.914	0.085	0.083
9:30:00	0.237	0.086	0.125	0.266	0.089	0.084	0.087	0.219	0.085	0.086	0.123	0.174	0.097	0.086	0.125	0.226	0.085	0.085	0.098	0.099	0.097	0.098	0.090	0.085	0.087	0.087	1.332	1.330	1.326	1.342	0.087	0.085	0.085	0.084	0.128	0.133	0.134	0.153	0.085	0.086	0.086	0.087	1.157	1.274	1.260	1.190	0.088	0.088	0.087	0.087	0.101	0.101	0.102	0.100	0.088	0.087	0.087	0.086	0.132	0.121	0.118	0.125	0.084	0.085	0.086	0.086	0.114	0.121	0.108	0.103	0.085	0.086	0.085	0.085	0.908	0.715	0.975	0.957	0.086	0.083
10:00:00	0.266	0.086	0.134	0.267	0.089	0.084	0.087	0.266	0.085	0.086	0.094	0.177	0.108	0.086	0.130	0.264	0.085	0.085	0.098	0.100	0.097	0.098	0.089	0.086	0.087	0.087	1.326	1.323	1.339	1.355	0.087	0.085	0.085	0.084	0.128	0.133	0.133	0.149	0.085	0.086	0.086	0.087	1.154	1.289	1.276	1.257	0.089	0.088	0.087	0.090	0.101	0.102	0.102	0.100	0.088	0.087	0.087	0.086	0.132	0.121	0.118	0.125	0.084	0.085	0.086	0.086	0.114	0.120	0.109	0.103	0.085	0.086	0.085	0.085	0.941	0.765	1.004	0.984	0.086	0.083
10:30:00	0.266	0.088	0.136	0.272	0.090	0.084	0.089	0.254	0.085	0.087	0.100	0.179	0.131	0.086	0.136	0.239	0.085	0.085	0.098	0.099	0.098	0.098	0.089	0.087	0.087	0.087	1.317	1.313	1.326	1.344	0.087	0.085	0.085	0.084	0.127	0.133	0.130	0.150	0.085	0.086	0.086	0.087	1.180	1.304	1.294	1.213	0.088	0.088	0.087	0.087	0.102	0.102	0.102	0.100	0.088	0.087	0.087	0.086	0.132	0.121	0.118	0.125	0.084	0.085	0.086	0.086	0.114	0.120	0.109	0.103	0.085	0.086	0.085	0.085	0.979	0.821	1.028	1.012	0.087	0.083
11:00:00	0.295	0.086	0.142	0.277	0.090	0.084	0.092	0.249	0.085	0.087	0.114	0.164	0.154	0.086	0.138	0.270	0.085	0.085	0.099	0.099	0.100	0.098	0.090	0.085	0.087	0.087	1.311	1.307	1.318	1.336	0.087	0.086	0.085	0.084	0.126	0.132	0.128	0.149	0.085	0.086	0.086	0.088	1.193	1.321	1.314	1.225	0.088	0.088	0.087	0.088	0.101	0.101	0.103	0.100	0.088	0.087	0.087	0.086	0.132	0.121	0.119	0.125	0.084	0.085	0.086	0.086	0.114	0.120	0.110	0.104	0.085	0.086	0.085	0.085	0.899	0.889	1.049	1.033	0.087	0.084
11:30:00	0.295	0.093	0.152	0.266	0.090	0.085	0.093	0.240	0.085	0.086	0.113	0.179	0.170	0.086	0.148	0.281	0.085	0.085	0.099	0.100	0.098	0.098	0.091	0.086	0.086	0.087	1.306	1.302	1.311	1.330	0.087	0.085	0.085	0.084	0.125	0.131	0.126	0.141	0.085	0.086	0.086	0.087	1.189	1.296	1.301	1.238	0.089	0.087	0.087	0.088	0.101	0.101	0.103	0.101	0.088	0.087	0.087	0.086	0.132	0.121	0.118	0.125	0.084	0.085	0.086	0.086	0.114	0.120	0.110	0.104	0.087	0.086	0.085	0.085	1.031	0.948	1.069	1.065	0.087	0.083
12:00:00	0.304	0.089	0.160	0.333	0.092	0.084	0.093	0.178	0.085	0.091	0.119	0.251	0.189	0.088	0.149	0.272	0.085	0.085	0.099	0.100	0.099	0.098	0.091	0.086	0.086	0.087	1.304	1.299	1.307	1.327	0.087	0.085	0.085	0.084	0.123	0.131	0.125	0.139	0.085	0.086	0.086	0.088	1.175	1.291	1.289	1.248	0.088	0.087	0.087	0.087	0.101	0.101	0.103	0.100	0.088	0.087	0.087	0.086	0.133	0.121	0.118	0.125	0.084	0.085	0.086	0.086	0.114	0.120	0.110	0.104	0.086	0.086	0.085	0.085	1.017	0.995	1.092	1.078	0.087	0.083
12:30:00	0.289	0.092	0.159	0.232	0.093	0.084	0.094	0.261	0.085	0.098	0.121	0.227	0.211	0.092	0.155	0.291	0.086	0.094	0.099	0.100	0.099	0.099	0.091	0.087	0.086	0.087	1.302	1.296	1.304	1.324	0.087	0.085	0.085	0.084	0.123	0.130	0.124	0.138	0.085	0.086	0.086	0.087	1.164	1.283	1.284	1.261	0.089	0.088	0.087	0.088	0.102	0.102	0.103	0.100	0.089	0.087	0.087	0.086	0.133	0.121	0.119	0.125	0.084	0.085	0.086	0.086	0.115	0.119	0.110	0.104	0.086	0.086	0.085	0.085	1.005	1.032	1.111	1.098	0.088	0.083
13:00:00	0.349	0.091	0.163	0.284	0.095	0.085	0.096	0.246	0.085	0.087	0.150	0.295	0.219	0.095	0.160	0.283	0.085	0.095	0.099	0.100	0.100	0.099	0.090	0.089	0.086	0.087	1.301	1.296	1.302	1.322	0.087	0.086	0.085	0.085	0.123	0.130	0.124	0.126	0.085	0.086	0.086	0.088	1.156	1.279	1.275	1.274	0.089	0.088	0.087	0.088	0.101	0.102	0.104	0.100	0.089	0.087	0.087	0.086	0.133	0.120	0.119	0.125	0.084	0.085	0.086	0.086	0.115	0.121	0.110	0.104	0.087	0.086	0.085	0.085	1.046	1.067	1.128	1.111	0.088	0.084
13:30:00	0.349	0.107	0.177	0.294	0.094	0.084	0.084	0.128	0.085	0.104	0.167	0.249	0.215	0.097	0.165	0.296	0.085	0.095	0.100	0.100	0.100	0.099	0.091	0.090	0.086	0.087	1.300	1.295	1.301	1.321	0.087	0.086	0.085	0.084	0.124	0.129	0.122	0.127	0.085	0.086	0.086	0.088	1.158	1.273	1.278	1.304	0.088	0.088	0.087	0.087	0.102	0.102	0.103	0.101	0.089	0.087	0.087	0.086	0.133	0.120	0.119	0.125	0.084	0.085	0.086	0.086	0.115	0.121	0.111	0.104	0.086	0.086	0.085	0.085	1.059	1.084	1.147	1.128	0.093	0.083
14:00:00	0.304	0.112	0.176	0.296	0.095	0.084	0.084	0.089	0.085	0.103	0.201	0.281	0.234	0.099	0.172	0.275	0.085	0.085	0.100	0.100	0.101	0.099	0.091	0.091	0.087	0.087	1.300	1.295	1.300	1.321	0.087	0.086	0.085	0.084	0.123	0.129	0.123	0.129	0.085	0.086	0.087	0.089	1.161	1.267	1.269	1.321	0.089	0.088	0.087	0.088	0.102	0.102	0.103	0.101	0.089	0.087	0.087	0.086	0.133	0.120	0.119	0.126	0.084	0.086	0.086	0.086	0.116	0.120	0.110	0.104	0.087	0.086	0.085	0.085	1.083	1.120	1.146	1.150	0.089	0.084
14:30:00	0.325	0.123	0.180	0.267	0.096	0.085	0.082	0.082	0.086	0.122	0.214	0.174	0.226	0.095	0.180	0.262	0.087	0.098	0.100	0.100	0.101	0.099	0.092	0.094	0.087	0.090	1.300	1.295	1.301	1.320	0.087	0.086	0.085	0.084	0.121	0.127	0.122	0.128	0.085	0.086	0.087	0.088	1.163	1.260	1.275	1.309	0.088	0.088	0.087	0.088	0.102	0.102	0.103	0.101	0.089	0.087	0.087	0.086	0.133	0.120	0.119	0.126	0.084	0.085	0.086	0.086	0.116	0.119	0.111	0.104	0.089	0.086	0.085	0.085	1.117	1.149	1.139	1.166	0.087	0.083
15:00:00	0.313	0.134	0.192	0.279	0.096	0.084	0.080	0.125	0.097	0.119	0.255	0.275	0.238	0.093	0.176	0.244	0.085	0.094	0.101	0.101	0.101	0.101	0.099	0.092	0.087	0.092	1.301	1.296	1.301	1.321	0.087	0.086	0.085	0.085	0.121	0.126	0.121	0.131	0.085	0.086	0.087	0.089	1.163	1.269	1.276	1.298	0.089	0.088	0.087	0.088	0.102	0.102	0.104	0.101	0.088	0.087	0.087	0.086	0.133	0.120	0.119	0.126	0.084	0.085	0.086	0.086	0.116	0.122	0.111	0.105	0.088	0.086	0.085	0.085	1.131	1.177	1.138	1.147	0.089	0.083
15:30:00	0.307	0.136	0.196	0.255	0.097	0.084	0.081	0.124	0.106	0.101	0.251	0.243	0.255	0.101	0.183	0.265	0.085	0.093	0.102	0.101	0.102	0.101	0.105	0.094	0.087	0.101	1.301	1.297	1.301	1.321	0.087	0.086	0.085	0.084	0.121	0.126	0.122	0.131	0.085	0.086	0.087	0.089	1.163	1.264	1.298	1.291	0.088	0.088	0.087	0.094	0.102	0.102	0.103	0.101	0.088	0.087	0.087	0.086	0.133	0.120	0.119	0.126	0.085	0.086	0.086	0.086	0.116	0.120	0.111	0.104	0.089	0.086	0.085	0.085	1.149	1.178	1.136	1.148	0.090	0.084
16:00:00	0.323	0.139	0.164	0.242	0.098	0.084	0.088	0.124	0.109	0.117	0.238	0.281	0.244	0.101	0.192	0.235	0.090	0.106	0.102	0.102	0.103	0.101	0.107	0.095	0.087	0.091	1.302	1.299	1.302	1.322	0.087	0.086	0.085	0.085	0.120	0.126	0.120	0.128	0.085	0.087	0.087	0.090	1.163	1.261	1.295	1.290	0.088	0.087	0.087	0.088	0.102	0.102	0.104	0.101	0.088	0.087	0.087	0.086	0.133	0.121	0.119	0.126	0.084	0.085	0.086	0.086	0.116	0.123	0.112	0.104	0.088	0.086	0.085	0.085	1.168	1.188	1.145	1.143	0.090	0.083
16:30:00	0.328	0.138	0.200	0.296	0.099	0.082	0.088	0.125	0.111	0.119	0.258	0.149	0.243	0.106	0.195	0.176	0.089	0.089	0.102	0.105	0.104	0.101	0.109	0.097	0.087	0.092	1.303	1.300	1.303	1.323	0.090	0.086	0.085	0.085	0.120	0.125	0.121	0.126	0.085	0.087	0.087	0.098	1.164	1.264	1.293	1.286	0.088	0.088	0.087	0.088	0.102	0.103	0.104	0.101	0.088	0.087	0.087	0.086	0.134	0.121	0.119	0.126	0.084	0.086	0.086	0.086	0.116	0.123	0.112	0.104	0.088	0.087	0.085	0.085	1.166	1.204	1.142	1.137	0.092	0.085
17:00:00	0.285	0.149	0.205	0.339	0.100	0.080	0.088	0.125	0.118	0.133	0.232	0.156	0.243	0.107	0.195	0.253	0.094	0.100	0.103	0.104	0.105	0.101	0.111	0.099	0.087	0.089	1.304	1.302	1.304	1.324	0.089	0.086	0.085	0.085	0.120	0.124	0.121	0.136	0.085	0.086	0.087	0.092	1.164	1.265	1.291	1.283	0.088	0.088	0.087	0.089	0.102	0.102	0.103	0.101	0.088	0.087	0.087	0.086	0.134	0.121	0.119	0.126	0.084	0.085	0.086	0.086	0.117	0.120	0.112	0.104	0.087	0.086	0.085	0.085	1.153	1.191	1.141	1.135	0.097	0.085
17:30:00	0.347	0.149	0.208	0.298	0.088	0.080	0.088	0.126	0.124	0.105	0.224	0.289	0.219	0.107	0.201	0.149	0.085	0.096	0.103	0.103	0.105	0.101	0.116	0.101	0.087	0.104	1.305	1.303	1.304	1.324	0.090	0.086	0.085	0.084	0.120	0.123	0.121	0.147	0.085	0.086	0.087	0.109	1.366	1.255	1.289	1.286	0.088	0.087	0.087	0.089	0.102	0.103	0.103	0.101	0.088	0.087	0.087	0.086	0.133	0.121	0.119	0.126	0.084	0.085	0.086	0.086	0.115	0.120	0.112	0.104	0.087	0.086	0.085	0.085	1.159	1.187	1.140	1.137	0.091	0.085
0:00:00																																																																																
0:00:00																																																																																
0:00:00																																																																																
0:00:00																																																																																
0:00:00																																																																																
0:00:00																																																																																
0:00:00																																																																																
0:00:00																																																																																
0:00:00																																																																																
0:00:00																																																																																
0:00:00																																																																																
0:00:00																																																																																
0:00:00																																																																																

