600
Kinetic read 1 (0:00:00)
	1	2	3	4	5	6	7	8	9	10	11	12
A	0.087	0.086	0.083	0.085	0.085	0.086	0.086	0.086	0.085	0.083	0.084	0.086	600 Read#1
B	0.086	0.085	0.084	0.083	0.083	0.086	0.085	0.084	0.085	0.084	0.085	0.085	600 Read#1
C	0.084	0.086	0.096	0.144	0.104	0.145	0.107	0.232	0.202	0.237	0.085	0.086	600 Read#1
D	0.085	0.086	0.100	0.146	0.118	0.241	0.109	0.205	0.186	0.210	0.086	0.085	600 Read#1
E	0.085	0.085	0.106	0.145	0.104	0.162	0.119	0.164	0.176	0.199	0.086	0.096	600 Read#1
F	0.084	0.085	0.096	0.145	0.106	0.167	0.107	0.174	0.126	0.275	0.086	0.085	600 Read#1
G	0.083	0.085	0.083	0.086	0.085	0.085	0.086	0.084	0.087	0.085	0.085	0.084	600 Read#1
H	0.086	0.083	0.083	0.085	0.085	0.087	0.086	0.084	0.084	0.085	0.084	0.083	600 Read#1

600
Kinetic read 2 (0:30:00)
	1	2	3	4	5	6	7	8	9	10	11	12
A	0.100	0.086	0.083	0.085	0.085	0.086	0.086	0.085	0.085	0.083	0.084	0.086	600 Read#2
B	0.086	0.086	0.084	0.083	0.083	0.086	0.085	0.084	0.085	0.085	0.085	0.085	600 Read#2
C	0.085	0.086	0.097	0.159	0.104	0.160	0.114	0.236	0.134	0.197	0.085	0.086	600 Read#2
D	0.086	0.086	0.099	0.160	0.114	0.244	0.110	0.208	0.142	0.183	0.086	0.085	600 Read#2
E	0.085	0.085	0.104	0.158	0.099	0.168	0.124	0.165	0.144	0.173	0.086	0.116	600 Read#2
F	0.084	0.085	0.096	0.158	0.106	0.184	0.112	0.186	0.109	0.278	0.086	0.085	600 Read#2
G	0.083	0.085	0.083	0.086	0.085	0.086	0.089	0.084	0.087	0.085	0.085	0.084	600 Read#2
H	0.086	0.083	0.083	0.085	0.085	0.087	0.086	0.084	0.084	0.085	0.084	0.083	600 Read#2

600
Kinetic read 3 (1:00:00)
	1	2	3	4	5	6	7	8	9	10	11	12
A	0.118	0.086	0.083	0.085	0.085	0.086	0.086	0.086	0.085	0.083	0.084	0.086	600 Read#3
B	0.086	0.086	0.084	0.083	0.082	0.086	0.085	0.084	0.086	0.085	0.085	0.085	600 Read#3
C	0.085	0.086	0.096	0.182	0.103	0.179	0.107	0.215	0.124	0.196	0.086	0.086	600 Read#3
D	0.086	0.086	0.097	0.183	0.116	0.185	0.109	0.227	0.124	0.170	0.088	0.085	600 Read#3
E	0.086	0.085	0.100	0.178	0.100	0.195	0.133	0.178	0.128	0.158	0.087	0.115	600 Read#3
F	0.084	0.085	0.096	0.180	0.106	0.201	0.114	0.192	0.108	0.259	0.088	0.085	600 Read#3
G	0.083	0.085	0.083	0.086	0.085	0.087	0.102	0.086	0.090	0.087	0.086	0.084	600 Read#3
H	0.086	0.083	0.083	0.085	0.085	0.087	0.086	0.085	0.085	0.085	0.084	0.083	600 Read#3

600
Kinetic read 4 (1:30:00)
	1	2	3	4	5	6	7	8	9	10	11	12
A	0.189	0.086	0.083	0.085	0.086	0.085	0.086	0.086	0.085	0.083	0.084	0.086	600 Read#4
B	0.092	0.086	0.084	0.084	0.083	0.086	0.086	0.085	0.086	0.085	0.085	0.085	600 Read#4
C	0.085	0.086	0.096	0.221	0.103	0.199	0.107	0.263	0.122	0.180	0.092	0.086	600 Read#4
D	0.086	0.086	0.097	0.219	0.121	0.232	0.107	0.242	0.118	0.167	0.101	0.085	600 Read#4
E	0.086	0.085	0.099	0.212	0.101	0.237	0.136	0.189	0.122	0.162	0.101	0.138	600 Read#4
F	0.085	0.085	0.096	0.216	0.105	0.212	0.114	0.209	0.110	0.241	0.099	0.085	600 Read#4
G	0.083	0.085	0.083	0.086	0.085	0.087	0.107	0.098	0.105	0.103	0.098	0.084	600 Read#4
H	0.087	0.083	0.083	0.085	0.085	0.088	0.086	0.090	0.086	0.085	0.084	0.083	600 Read#4

600
Kinetic read 5 (2:00:00)
	1	2	3	4	5	6	7	8	9	10	11	12
A	0.192	0.086	0.083	0.085	0.085	0.085	0.086	0.086	0.085	0.083	0.084	0.087	600 Read#5
B	0.093	0.086	0.084	0.084	0.083	0.086	0.085	0.084	0.086	0.085	0.085	0.085	600 Read#5
C	0.085	0.086	0.096	0.281	0.103	0.232	0.108	0.307	0.121	0.176	0.089	0.086	600 Read#5
D	0.086	0.086	0.097	0.275	0.127	0.273	0.103	0.275	0.115	0.177	0.106	0.086	600 Read#5
E	0.086	0.086	0.098	0.267	0.102	0.286	0.143	0.225	0.119	0.158	0.106	0.134	600 Read#5
F	0.085	0.085	0.096	0.270	0.105	0.252	0.115	0.245	0.110	0.239	0.104	0.085	600 Read#5
G	0.084	0.085	0.083	0.086	0.085	0.087	0.133	0.110	0.117	0.114	0.103	0.084	600 Read#5
H	0.087	0.083	0.084	0.085	0.085	0.087	0.086	0.092	0.087	0.085	0.084	0.102	600 Read#5

600
Kinetic read 6 (2:30:00)
	1	2	3	4	5	6	7	8	9	10	11	12
A	0.120	0.086	0.083	0.085	0.085	0.086	0.086	0.086	0.085	0.083	0.084	0.086	600 Read#6
B	0.092	0.086	0.084	0.084	0.083	0.086	0.086	0.084	0.086	0.085	0.085	0.085	600 Read#6
C	0.086	0.086	0.096	0.362	0.103	0.400	0.110	0.360	0.121	0.167	0.085	0.086	600 Read#6
D	0.086	0.086	0.097	0.341	0.139	0.344	0.107	0.315	0.115	0.175	0.092	0.086	600 Read#6
E	0.086	0.086	0.097	0.338	0.104	0.360	0.143	0.289	0.118	0.157	0.096	0.231	600 Read#6
F	0.085	0.086	0.096	0.368	0.105	0.314	0.115	0.336	0.111	0.236	0.105	0.085	600 Read#6
G	0.084	0.086	0.084	0.086	0.085	0.087	0.141	0.113	0.126	0.119	0.087	0.084	600 Read#6
H	0.089	0.083	0.084	0.085	0.085	0.088	0.086	0.090	0.876	0.085	0.085	0.129	600 Read#6

600
Kinetic read 7 (3:00:00)
	1	2	3	4	5	6	7	8	9	10	11	12
A	0.212	0.086	0.085	0.085	0.085	0.086	0.086	0.086	0.085	0.083	0.084	0.086	600 Read#7
B	0.092	0.086	0.084	0.084	0.083	0.086	0.086	0.085	0.086	0.085	0.085	0.085	600 Read#7
C	0.086	0.086	0.096	0.390	0.102	0.490	0.123	0.384	0.121	0.160	0.085	0.086	600 Read#7
D	0.087	0.087	0.097	0.405	0.142	0.440	0.110	0.466	0.116	0.172	0.086	0.086	600 Read#7
E	0.086	0.086	0.097	0.395	0.105	0.481	0.138	0.350	0.118	0.155	0.090	0.261	600 Read#7
F	0.085	0.086	0.096	0.398	0.105	0.444	0.116	0.380	0.111	0.222	0.089	0.085	600 Read#7
G	0.083	0.086	0.084	0.086	0.085	0.087	0.165	0.116	0.132	0.122	0.086	0.085	600 Read#7
H	0.101	0.083	0.083	0.085	0.085	0.087	0.086	0.086	0.956	0.085	0.085	0.147	600 Read#7

600
Kinetic read 8 (3:30:00)
	1	2	3	4	5	6	7	8	9	10	11	12
A	0.201	0.086	0.083	0.085	0.086	0.086	0.086	0.086	0.085	0.083	0.084	0.086	600 Read#8
B	0.096	0.086	0.085	0.084	0.083	0.086	0.086	0.085	0.086	0.085	0.085	0.086	600 Read#8
C	0.086	0.086	0.096	0.469	0.102	0.602	0.140	0.402	0.119	0.196	0.085	0.086	600 Read#8
D	0.087	0.087	0.096	0.492	0.142	0.547	0.117	0.410	0.117	0.167	0.086	0.090	600 Read#8
E	0.086	0.086	0.097	0.478	0.106	0.570	0.140	0.386	0.118	0.154	0.088	0.243	600 Read#8
F	0.085	0.086	0.096	0.487	0.105	0.522	0.118	0.406	0.112	0.232	0.086	0.085	600 Read#8
G	0.083	0.086	0.084	0.086	0.088	0.087	0.245	0.127	0.137	0.122	0.086	0.085	600 Read#8
H	0.102	0.084	0.084	0.085	0.085	0.088	0.086	0.086	0.908	0.085	0.086	0.202	600 Read#8

600
Kinetic read 9 (4:00:00)
	1	2	3	4	5	6	7	8	9	10	11	12
A	0.262	0.086	0.087	0.085	0.086	0.086	0.086	0.086	0.085	0.083	0.084	0.086	600 Read#9
B	0.096	0.086	0.085	0.084	0.083	0.086	0.086	0.085	0.086	0.085	0.085	0.086	600 Read#9
C	0.086	0.086	0.096	0.573	0.102	0.702	0.153	0.419	0.120	0.167	0.085	0.086	600 Read#9
D	0.087	0.087	0.096	0.584	0.134	0.615	0.127	0.435	0.118	0.167	0.086	0.092	600 Read#9
E	0.086	0.086	0.097	0.575	0.107	0.658	0.141	0.404	0.121	0.154	0.105	0.286	600 Read#9
F	0.085	0.086	0.096	0.586	0.105	0.620	0.125	0.425	0.107	0.243	0.087	0.086	600 Read#9
G	0.084	0.086	0.084	0.087	0.087	0.087	0.235	0.137	0.140	0.121	0.086	0.086	600 Read#9
H	0.101	0.084	0.084	0.085	0.088	0.088	0.086	0.086	0.882	0.085	0.087	0.247	600 Read#9

600
Kinetic read 10 (4:30:00)
	1	2	3	4	5	6	7	8	9	10	11	12
A	0.224	0.086	0.083	0.085	0.086	0.086	0.086	0.086	0.086	0.084	0.084	0.087	600 Read#10
B	0.095	0.087	0.085	0.084	0.083	0.086	0.086	0.085	0.087	0.085	0.085	0.085	600 Read#10
C	0.086	0.087	0.096	0.666	0.102	0.725	0.164	0.436	0.119	0.159	0.085	0.086	600 Read#10
D	0.087	0.087	0.097	0.669	0.134	0.683	0.138	0.446	0.120	0.149	0.087	0.091	600 Read#10
E	0.086	0.086	0.098	0.659	0.108	0.710	0.139	0.424	0.120	0.154	0.092	0.318	600 Read#10
F	0.085	0.086	0.096	0.670	0.106	0.705	0.129	0.445	0.111	0.215	0.086	0.086	600 Read#10
G	0.084	0.086	0.086	0.087	0.087	0.088	0.280	0.139	0.142	0.107	0.086	0.087	600 Read#10
H	0.095	0.084	0.084	0.085	0.090	0.088	0.089	0.092	0.853	0.085	0.084	0.287	600 Read#10

600
Kinetic read 11 (5:00:00)
	1	2	3	4	5	6	7	8	9	10	11	12
A	0.229	0.086	0.083	0.085	0.086	0.086	0.086	0.086	0.086	0.084	0.084	0.087	600 Read#11
B	0.096	0.086	0.085	0.084	0.083	0.086	0.086	0.085	0.086	0.085	0.085	0.086	600 Read#11
C	0.086	0.087	0.096	0.743	0.102	0.802	0.171	0.472	0.119	0.156	0.085	0.086	600 Read#11
D	0.087	0.087	0.097	0.745	0.160	0.756	0.150	0.469	0.122	0.149	0.090	0.093	600 Read#11
E	0.086	0.086	0.097	0.735	0.110	0.774	0.138	0.442	0.120	0.154	0.145	0.323	600 Read#11
F	0.085	0.086	0.096	0.746	0.106	0.784	0.136	0.454	0.109	0.188	0.086	0.088	600 Read#11
G	0.084	0.086	0.085	0.089	0.088	0.088	0.246	0.150	0.144	0.093	0.086	0.089	600 Read#11
H	0.096	0.084	0.084	0.086	0.093	0.088	0.097	0.086	0.810	0.085	0.084	0.300	600 Read#11

600
Kinetic read 12 (5:30:00)
	1	2	3	4	5	6	7	8	9	10	11	12
A	0.264	0.086	0.083	0.085	0.086	0.086	0.086	0.086	0.086	0.084	0.084	0.087	600 Read#12
B	0.096	0.087	0.085	0.084	0.083	0.086	0.086	0.085	0.086	0.085	0.085	0.086	600 Read#12
C	0.086	0.087	0.096	0.803	0.103	0.843	0.178	0.527	0.120	0.155	0.085	0.086	600 Read#12
D	0.089	0.087	0.097	0.799	0.129	0.823	0.159	0.484	0.124	0.148	0.094	0.091	600 Read#12
E	0.086	0.086	0.099	0.790	0.114	0.820	0.144	0.470	0.120	0.157	0.146	0.332	600 Read#12
F	0.085	0.086	0.096	0.799	0.106	0.842	0.149	0.480	0.109	0.195	0.087	0.090	600 Read#12
G	0.083	0.086	0.088	0.092	0.089	0.090	0.327	0.150	0.146	0.087	0.086	0.093	600 Read#12
H	0.094	0.084	0.084	0.088	0.096	0.088	0.103	0.087	0.774	0.085	0.100	0.260	600 Read#12

600
Kinetic read 13 (6:00:00)
	1	2	3	4	5	6	7	8	9	10	11	12
A	0.212	0.086	0.083	0.085	0.086	0.086	0.086	0.086	0.086	0.084	0.085	0.087	600 Read#13
B	0.097	0.087	0.085	0.085	0.083	0.086	0.087	0.085	0.086	0.085	0.085	0.086	600 Read#13
C	0.086	0.087	0.097	0.848	0.103	0.896	0.186	0.544	0.119	0.157	0.085	0.086	600 Read#13
D	0.089	0.088	0.097	0.833	0.109	0.874	0.170	0.500	0.125	0.149	0.100	0.092	600 Read#13
E	0.086	0.086	0.098	0.827	0.118	0.875	0.143	0.490	0.121	0.150	0.156	0.330	600 Read#13
F	0.085	0.086	0.096	0.833	0.106	0.888	0.163	0.507	0.110	0.192	0.087	0.090	600 Read#13
G	0.084	0.086	0.098	0.103	0.090	0.089	0.222	0.155	0.149	0.087	0.086	0.094	600 Read#13
H	0.103	0.084	0.084	0.092	0.099	0.088	0.101	0.087	0.720	0.085	0.108	0.252	600 Read#13

600
Kinetic read 14 (6:30:00)
	1	2	3	4	5	6	7	8	9	10	11	12
A	0.219	0.086	0.083	0.085	0.086	0.086	0.086	0.086	0.086	0.084	0.084	0.088	600 Read#14
B	0.095	0.087	0.085	0.085	0.083	0.086	0.087	0.085	0.086	0.085	0.085	0.086	600 Read#14
C	0.086	0.087	0.096	0.888	0.104	0.930	0.194	0.568	0.120	0.158	0.086	0.087	600 Read#14
D	0.087	0.088	0.097	0.865	0.111	0.931	0.179	0.527	0.126	0.147	0.103	0.097	600 Read#14
E	0.086	0.092	0.099	0.861	0.122	0.942	0.145	0.509	0.122	0.151	0.191	0.276	600 Read#14
F	0.085	0.086	0.096	0.865	0.106	0.930	0.175	0.536	0.109	0.186	0.087	0.091	600 Read#14
G	0.084	0.086	0.105	0.110	0.091	0.089	0.312	0.174	0.151	0.086	0.086	0.091	600 Read#14
H	0.118	0.084	0.084	0.093	0.101	0.088	0.106	0.087	0.661	0.085	0.110	0.298	600 Read#14

600
Kinetic read 15 (7:00:00)
	1	2	3	4	5	6	7	8	9	10	11	12
A	0.209	0.088	0.084	0.085	0.086	0.086	0.086	0.086	0.086	0.084	0.085	0.088	600 Read#15
B	0.095	0.087	0.085	0.085	0.084	0.087	0.087	0.085	0.086	0.085	0.085	0.086	600 Read#15
C	0.086	0.087	0.096	0.921	0.101	0.998	0.203	0.597	0.118	0.154	0.086	0.087	600 Read#15
D	0.095	0.092	0.097	0.894	0.112	0.978	0.190	0.553	0.129	0.147	0.103	0.097	600 Read#15
E	0.086	0.102	0.098	0.893	0.127	1.033	0.144	0.530	0.122	0.151	0.178	0.316	600 Read#15
F	0.085	0.086	0.096	0.898	0.107	0.970	0.180	0.562	0.110	0.200	0.087	0.090	600 Read#15
G	0.084	0.086	0.105	0.114	0.097	0.094	0.288	0.172	0.155	0.086	0.086	0.091	600 Read#15
H	0.125	0.084	0.084	0.095	0.104	0.088	0.106	0.097	0.609	0.085	0.113	0.231	600 Read#15

600
Kinetic read 16 (7:30:00)
	1	2	3	4	5	6	7	8	9	10	11	12
A	0.238	0.086	0.084	0.085	0.086	0.086	0.086	0.086	0.086	0.084	0.085	0.088	600 Read#16
B	0.096	0.087	0.085	0.085	0.083	0.087	0.087	0.085	0.086	0.085	0.085	0.086	600 Read#16
C	0.086	0.087	0.096	0.951	0.105	1.023	0.214	0.617	0.117	0.157	0.085	0.087	600 Read#16
D	0.109	0.096	0.097	0.924	0.114	1.012	0.199	0.562	0.132	0.147	0.103	0.097	600 Read#16
E	0.087	0.108	0.102	0.920	0.131	1.063	0.135	0.548	0.124	0.149	0.183	0.268	600 Read#16
F	0.085	0.086	0.096	0.926	0.111	1.000	0.192	0.590	0.108	0.199	0.087	0.092	600 Read#16
G	0.083	0.086	0.106	0.129	0.095	0.093	0.317	0.192	0.155	0.086	0.086	0.091	600 Read#16
H	0.138	0.084	0.084	0.096	0.108	0.088	0.109	0.089	0.536	0.085	0.118	0.346	600 Read#16

600
Kinetic read 17 (8:00:00)
	1	2	3	4	5	6	7	8	9	10	11	12
A	0.247	0.086	0.083	0.085	0.086	0.086	0.086	0.086	0.086	0.084	0.085	0.087	600 Read#17
B	0.095	0.087	0.085	0.085	0.083	0.086	0.087	0.085	0.086	0.085	0.085	0.086	600 Read#17
C	0.086	0.087	0.096	0.974	0.101	1.064	0.221	0.635	0.117	0.155	0.085	0.087	600 Read#17
D	0.112	0.106	0.097	0.950	0.117	1.043	0.207	0.613	0.136	0.147	0.108	0.105	600 Read#17
E	0.086	0.112	0.099	0.952	0.136	1.088	0.131	0.576	0.124	0.148	0.190	0.269	600 Read#17
F	0.085	0.086	0.096	0.951	0.109	1.027	0.191	0.626	0.109	0.197	0.086	0.094	600 Read#17
G	0.083	0.086	0.110	0.146	0.100	0.092	0.295	0.244	0.158	0.087	0.086	0.092	600 Read#17
H	0.141	0.084	0.084	0.098	0.109	0.089	0.117	0.089	0.484	0.085	0.122	0.238	600 Read#17

600
Kinetic read 18 (8:30:00)
	1	2	3	4	5	6	7	8	9	10	11	12
A	0.274	0.086	0.083	0.085	0.086	0.086	0.086	0.086	0.086	0.084	0.085	0.087	600 Read#18
B	0.095	0.087	0.085	0.084	0.083	0.086	0.087	0.085	0.086	0.085	0.085	0.086	600 Read#18
C	0.086	0.087	0.096	1.004	0.103	1.088	0.229	0.664	0.117	0.152	0.085	0.087	600 Read#18
D	0.117	0.109	0.097	0.982	0.117	1.067	0.218	0.629	0.141	0.148	0.105	0.095	600 Read#18
E	0.086	0.119	0.109	0.983	0.143	1.105	0.135	0.595	0.123	0.148	0.241	0.300	600 Read#18
F	0.084	0.086	0.096	0.977	0.108	1.054	0.195	0.639	0.109	0.182	0.086	0.095	600 Read#18
G	0.083	0.086	0.115	0.154	0.103	0.091	0.273	0.184	0.161	0.086	0.086	0.094	600 Read#18
H	0.137	0.084	0.085	0.103	0.114	0.088	0.121	0.092	0.418	0.085	0.130	0.222	600 Read#18

600
Kinetic read 19 (9:00:00)
	1	2	3	4	5	6	7	8	9	10	11	12
A	0.270	0.086	0.083	0.085	0.086	0.086	0.086	0.086	0.086	0.084	0.085	0.089	600 Read#19
B	0.096	0.087	0.085	0.085	0.084	0.086	0.087	0.085	0.087	0.085	0.085	0.086	600 Read#19
C	0.086	0.087	0.096	1.028	0.104	1.123	0.239	0.698	0.116	0.155	0.086	0.087	600 Read#19
D	0.129	0.113	0.098	1.006	0.118	1.091	0.229	0.686	0.146	0.145	0.111	0.092	600 Read#19
E	0.086	0.126	0.100	1.001	0.151	1.142	0.154	0.601	0.124	0.150	0.210	0.271	600 Read#19
F	0.085	0.087	0.096	1.003	0.128	1.084	0.195	0.675	0.110	0.174	0.087	0.098	600 Read#19
G	0.084	0.086	0.123	0.154	0.105	0.092	0.280	0.299	0.162	0.086	0.086	0.096	600 Read#19
H	0.168	0.084	0.086	0.108	0.122	0.088	0.122	0.106	0.356	0.085	0.131	0.245	600 Read#19

600
Kinetic read 20 (9:30:00)
	1	2	3	4	5	6	7	8	9	10	11	12
A	0.266	0.089	0.084	0.085	0.086	0.086	0.087	0.086	0.086	0.084	0.085	0.089	600 Read#20
B	0.096	0.087	0.085	0.085	0.084	0.087	0.087	0.085	0.086	0.085	0.085	0.086	600 Read#20
C	0.086	0.087	0.097	1.053	0.107	1.165	0.248	0.713	0.117	0.158	0.086	0.087	600 Read#20
D	0.133	0.122	0.098	1.034	0.120	1.113	0.241	0.680	0.150	0.150	0.109	0.100	600 Read#20
E	0.087	0.141	0.102	1.031	0.162	1.155	0.173	0.624	0.124	0.150	0.233	0.272	600 Read#20
F	0.085	0.089	0.097	1.037	0.146	1.117	0.196	0.707	0.110	0.194	0.087	0.100	600 Read#20
G	0.083	0.086	0.129	0.169	0.107	0.092	0.251	0.273	0.168	0.086	0.089	0.094	600 Read#20
H	0.178	0.084	0.087	0.114	0.123	0.088	0.127	0.115	0.286	0.085	0.136	0.251	600 Read#20

600
Kinetic read 21 (10:00:00)
	1	2	3	4	5	6	7	8	9	10	11	12
A	0.285	0.094	0.083	0.085	0.086	0.086	0.086	0.086	0.086	0.084	0.085	0.089	600 Read#21
B	0.097	0.087	0.085	0.084	0.083	0.087	0.087	0.085	0.086	0.085	0.085	0.086	600 Read#21
C	0.086	0.087	0.097	1.078	0.112	1.110	0.256	0.739	0.115	0.153	0.086	0.087	600 Read#21
D	0.138	0.120	0.100	1.042	0.124	1.142	0.253	0.716	0.155	0.144	0.114	0.097	600 Read#21
E	0.086	0.145	0.106	1.043	0.176	1.140	0.189	0.634	0.126	0.151	0.262	0.312	600 Read#21
F	0.087	0.089	0.098	1.039	0.162	1.124	0.196	0.728	0.109	0.178	0.087	0.102	600 Read#21
G	0.083	0.086	0.126	0.166	0.108	0.091	0.297	0.340	0.165	0.086	0.091	0.099	600 Read#21
H	0.167	0.084	0.085	0.116	0.133	0.088	0.124	0.119	0.244	0.085	0.138	0.227	600 Read#21

600
Kinetic read 22 (10:30:00)
	1	2	3	4	5	6	7	8	9	10	11	12
A	0.295	0.094	0.083	0.085	0.086	0.086	0.086	0.086	0.086	0.084	0.085	0.091	600 Read#22
B	0.093	0.087	0.085	0.085	0.083	0.086	0.087	0.085	0.087	0.085	0.085	0.086	600 Read#22
C	0.086	0.087	0.099	1.089	0.124	1.088	0.264	0.755	0.116	0.157	0.086	0.087	600 Read#22
D	0.147	0.144	0.101	1.038	0.132	1.140	0.266	0.736	0.162	0.145	0.113	0.095	600 Read#22
E	0.086	0.152	0.107	1.041	0.199	1.114	0.198	0.656	0.126	0.155	0.249	0.239	600 Read#22
F	0.087	0.091	0.100	1.037	0.129	1.116	0.197	0.746	0.109	0.182	0.087	0.105	600 Read#22
G	0.083	0.087	0.133	0.189	0.111	0.091	0.288	0.323	0.170	0.099	0.091	0.088	600 Read#22
H	0.193	0.094	0.087	0.123	0.132	0.088	0.132	0.109	0.201	0.085	0.148	0.205	600 Read#22

600
Kinetic read 23 (11:00:00)
	1	2	3	4	5	6	7	8	9	10	11	12
A	0.265	0.089	0.083	0.085	0.086	0.086	0.087	0.086	0.086	0.084	0.085	0.091	600 Read#23
B	0.093	0.087	0.085	0.085	0.084	0.087	0.087	0.085	0.086	0.085	0.085	0.086	600 Read#23
C	0.086	0.087	0.101	1.086	0.147	1.073	0.269	0.775	0.117	0.158	0.086	0.087	600 Read#23
D	0.154	0.157	0.107	1.036	0.151	1.139	0.277	0.768	0.196	0.153	0.110	0.111	600 Read#23
E	0.086	0.122	0.114	1.039	0.239	1.108	0.213	0.689	0.125	0.161	0.254	0.227	600 Read#23
F	0.087	0.092	0.104	1.035	0.152	1.111	0.208	0.760	0.110	0.174	0.087	0.091	600 Read#23
G	0.083	0.087	0.139	0.211	0.114	0.090	0.242	0.356	0.168	0.104	0.091	0.088	600 Read#23
H	0.196	0.104	0.087	0.129	0.136	0.090	0.135	0.141	0.178	0.085	0.153	0.211	600 Read#23

600
Kinetic read 24 (11:30:00)
	1	2	3	4	5	6	7	8	9	10	11	12
A	0.286	0.089	0.083	0.085	0.086	0.086	0.087	0.086	0.086	0.084	0.085	0.091	600 Read#24
B	0.098	0.087	0.085	0.085	0.084	0.087	0.087	0.085	0.086	0.085	0.086	0.086	600 Read#24
C	0.086	0.087	0.106	1.083	0.192	1.062	0.274	0.792	0.116	0.152	0.086	0.087	600 Read#24
D	0.155	0.172	0.118	1.040	0.182	1.136	0.284	0.858	0.195	0.154	0.109	0.108	600 Read#24
E	0.086	0.115	0.128	1.039	0.295	1.083	0.225	0.712	0.126	0.172	0.290	0.196	600 Read#24
F	0.087	0.096	0.108	1.036	0.192	1.107	0.209	0.775	0.111	0.172	0.087	0.090	600 Read#24
G	0.083	0.088	0.154	0.191	0.122	0.091	0.272	0.313	0.169	0.101	0.093	0.087	600 Read#24
H	0.216	0.112	0.087	0.131	0.137	0.089	0.145	0.137	0.161	0.085	0.151	0.234	600 Read#24

600
Kinetic read 25 (12:00:00)
	1	2	3	4	5	6	7	8	9	10	11	12
A	0.269	0.094	0.084	0.090	0.086	0.086	0.087	0.086	0.086	0.084	0.085	0.089	600 Read#25
B	0.089	0.087	0.085	0.085	0.084	0.087	0.087	0.085	0.087	0.086	0.086	0.086	600 Read#25
C	0.086	0.087	0.117	1.082	0.246	1.050	0.278	0.785	0.116	0.155	0.086	0.087	600 Read#25
D	0.160	0.180	0.140	1.041	0.218	1.128	0.282	0.851	0.202	0.149	0.110	0.099	600 Read#25
E	0.086	0.179	0.154	1.040	0.373	1.071	0.242	0.714	0.130	0.194	0.254	0.202	600 Read#25
F	0.087	0.089	0.120	1.037	0.248	1.104	0.234	0.780	0.111	0.159	0.087	0.095	600 Read#25
G	0.083	0.088	0.153	0.217	0.124	0.091	0.248	0.376	0.174	0.114	0.095	0.086	600 Read#25
H	0.223	0.120	0.088	0.143	0.136	0.096	0.144	0.156	0.148	0.085	0.160	0.245	600 Read#25

600
Kinetic read 26 (12:30:00)
	1	2	3	4	5	6	7	8	9	10	11	12
A	0.306	0.095	0.083	0.085	0.086	0.086	0.087	0.087	0.086	0.084	0.085	0.089	600 Read#26
B	0.096	0.087	0.085	0.085	0.084	0.087	0.087	0.085	0.087	0.086	0.086	0.086	600 Read#26
C	0.086	0.089	0.138	1.086	0.336	1.042	0.282	0.797	0.117	0.155	0.086	0.087	600 Read#26
D	0.159	0.188	0.182	1.043	0.285	1.117	0.288	0.862	0.201	0.155	0.110	0.104	600 Read#26
E	0.086	0.192	0.198	1.044	0.456	1.076	0.256	0.719	0.129	0.225	0.302	0.192	600 Read#26
F	0.089	0.096	0.142	1.039	0.335	1.104	0.240	0.788	0.111	0.165	0.087	0.089	600 Read#26
G	0.083	0.089	0.142	0.246	0.129	0.091	0.260	0.337	0.171	0.101	0.095	0.105	600 Read#26
H	0.222	0.131	0.089	0.141	0.146	0.096	0.145	0.156	0.139	0.085	0.161	0.255	600 Read#26

600
Kinetic read 27 (13:00:00)
	1	2	3	4	5	6	7	8	9	10	11	12
A	0.300	0.094	0.083	0.085	0.086	0.086	0.086	0.086	0.086	0.084	0.085	0.090	600 Read#27
B	0.094	0.087	0.085	0.085	0.084	0.087	0.087	0.085	0.086	0.085	0.086	0.086	600 Read#27
C	0.086	0.088	0.176	1.088	0.432	1.036	0.288	0.827	0.117	0.156	0.086	0.087	600 Read#27
D	0.161	0.196	0.248	1.046	0.375	1.110	0.312	0.884	0.201	0.161	0.114	0.104	600 Read#27
E	0.087	0.198	0.263	1.045	0.522	1.050	0.277	0.727	0.132	0.288	0.301	0.186	600 Read#27
F	0.089	0.097	0.183	1.043	0.427	1.103	0.281	0.800	0.111	0.179	0.087	0.090	600 Read#27
G	0.083	0.089	0.150	0.227	0.129	0.091	0.259	0.421	0.177	0.094	0.096	0.098	600 Read#27
H	0.200	0.132	0.089	0.149	0.151	0.097	0.150	0.168	0.138	0.085	0.159	0.233	600 Read#27

600
Kinetic read 28 (13:30:00)
	1	2	3	4	5	6	7	8	9	10	11	12
A	0.307	0.096	0.084	0.086	0.086	0.086	0.087	0.087	0.086	0.084	0.085	0.089	600 Read#28
B	0.100	0.087	0.087	0.085	0.084	0.087	0.087	0.085	0.087	0.086	0.086	0.086	600 Read#28
C	0.086	0.089	0.243	1.091	0.534	1.039	0.293	0.858	0.116	0.154	0.086	0.087	600 Read#28
D	0.164	0.213	0.338	1.049	0.459	1.108	0.348	0.905	0.200	0.178	0.115	0.104	600 Read#28
E	0.088	0.194	0.354	1.049	0.566	1.011	0.307	0.744	0.132	0.353	0.295	0.209	600 Read#28
F	0.089	0.100	0.251	1.046	0.524	1.103	0.349	0.803	0.111	0.175	0.087	0.086	600 Read#28
G	0.083	0.090	0.156	0.231	0.132	0.092	0.289	0.369	0.174	0.102	0.099	0.099	600 Read#28
H	0.224	0.144	0.089	0.142	0.163	0.096	0.142	0.229	0.130	0.086	0.168	0.210	600 Read#28

600
Kinetic read 29 (14:00:00)
	1	2	3	4	5	6	7	8	9	10	11	12
A	0.262	0.100	0.083	0.085	0.086	0.086	0.086	0.086	0.086	0.084	0.085	0.089	600 Read#29
B	0.099	0.087	0.087	0.085	0.084	0.087	0.087	0.085	0.087	0.086	0.086	0.086	600 Read#29
C	0.086	0.089	0.327	1.093	0.616	1.037	0.296	0.870	0.117	0.155	0.086	0.087	600 Read#29
D	0.165	0.214	0.444	1.053	0.545	1.104	0.409	0.924	0.202	0.188	0.115	0.105	600 Read#29
E	0.087	0.177	0.473	1.051	0.609	1.005	0.338	0.760	0.137	0.422	0.309	0.178	600 Read#29
F	0.089	0.101	0.338	1.049	0.589	1.103	0.392	0.813	0.111	0.190	0.087	0.090	600 Read#29
G	0.083	0.090	0.142	0.238	0.141	0.092	0.278	0.423	0.179	0.089	0.098	0.104	600 Read#29
H	0.228	0.151	0.089	0.142	0.164	0.098	0.151	0.217	0.123	0.085	0.168	0.287	600 Read#29

600
Kinetic read 30 (14:30:00)
	1	2	3	4	5	6	7	8	9	10	11	12
A	0.278	0.100	0.083	0.085	0.086	0.086	0.087	0.087	0.086	0.084	0.085	0.091	600 Read#30
B	0.093	0.087	0.085	0.085	0.084	0.087	0.087	0.085	0.087	0.085	0.086	0.086	600 Read#30
C	0.086	0.088	0.432	1.096	0.690	1.043	0.301	0.899	0.117	0.163	0.086	0.087	600 Read#30
D	0.167	0.194	0.583	1.056	0.613	1.101	0.488	0.935	0.201	0.224	0.105	0.107	600 Read#30
E	0.087	0.205	0.612	1.054	0.651	0.974	0.353	0.782	0.139	0.475	0.304	0.192	600 Read#30
F	0.087	0.101	0.442	1.053	0.678	1.103	0.451	0.829	0.111	0.162	0.088	0.089	600 Read#30
G	0.083	0.090	0.152	0.259	0.141	0.091	0.281	0.373	0.182	0.116	0.100	0.104	600 Read#30
H	0.131	0.155	0.090	0.136	0.176	0.098	0.155	0.228	0.106	0.085	0.190	0.315	600 Read#30

600
Kinetic read 31 (15:00:00)
	1	2	3	4	5	6	7	8	9	10	11	12
A	0.197	0.101	0.085	0.085	0.086	0.086	0.086	0.087	0.086	0.084	0.085	0.088	600 Read#31
B	0.093	0.087	0.085	0.085	0.084	0.087	0.087	0.085	0.087	0.086	0.086	0.086	600 Read#31
C	0.086	0.089	0.568	1.099	0.760	1.043	0.308	0.899	0.116	0.161	0.086	0.087	600 Read#31
D	0.171	0.230	0.705	1.059	0.682	1.096	0.579	0.929	0.202	0.283	0.118	0.104	600 Read#31
E	0.087	0.190	0.722	1.057	0.678	0.955	0.384	0.807	0.140	0.531	0.329	0.254	600 Read#31
F	0.084	0.102	0.582	1.058	0.749	1.103	0.500	0.858	0.111	0.167	0.087	0.089	600 Read#31
G	0.081	0.091	0.164	0.250	0.145	0.092	0.289	0.393	0.186	0.139	0.101	0.109	600 Read#31
H	0.086	0.180	0.091	0.138	0.165	0.100	0.156	0.245	0.104	0.085	0.181	0.281	600 Read#31

600
Kinetic read 32 (15:30:00)
	1	2	3	4	5	6	7	8	9	10	11	12
A	0.132	0.101	0.083	0.085	0.086	0.086	0.086	0.086	0.086	0.084	0.085	0.089	600 Read#32
B	0.095	0.087	0.086	0.085	0.084	0.087	0.087	0.085	0.086	0.085	0.086	0.086	600 Read#32
C	0.086	0.091	0.693	1.101	0.816	1.044	0.314	0.885	0.118	0.154	0.086	0.087	600 Read#32
D	0.169	0.229	0.799	1.063	0.741	1.090	0.665	0.924	0.208	0.333	0.108	0.107	600 Read#32
E	0.087	0.198	0.812	1.060	0.706	0.944	0.385	0.824	0.143	0.600	0.310	0.235	600 Read#32
F	0.084	0.105	0.706	1.061	0.810	1.103	0.559	0.904	0.113	0.167	0.087	0.087	600 Read#32
G	0.079	0.091	0.167	0.230	0.150	0.091	0.283	0.409	0.182	0.137	0.104	0.108	600 Read#32
H	0.082	0.180	0.091	0.125	0.179	0.100	0.148	0.285	0.097	0.086	0.179	0.264	600 Read#32

600
Kinetic read 33 (16:00:00)
	1	2	3	4	5	6	7	8	9	10	11	12
A	0.100	0.100	0.084	0.085	0.086	0.086	0.087	0.087	0.086	0.084	0.085	0.091	600 Read#33
B	0.087	0.087	0.085	0.085	0.084	0.087	0.087	0.085	0.087	0.086	0.086	0.086	600 Read#33
C	0.086	0.089	0.791	1.105	0.864	1.046	0.318	0.872	0.118	0.163	0.086	0.087	600 Read#33
D	0.174	0.239	0.867	1.066	0.794	1.083	0.743	0.941	0.208	0.452	0.113	0.109	600 Read#33
E	0.087	0.213	0.884	1.064	0.732	0.942	0.382	0.835	0.146	0.638	0.317	0.217	600 Read#33
F	0.083	0.105	0.803	1.064	0.865	1.104	0.614	0.927	0.114	0.165	0.089	0.089	600 Read#33
G	0.079	0.092	0.168	0.249	0.154	0.092	0.274	0.400	0.178	0.185	0.106	0.106	600 Read#33
H	0.095	0.183	0.093	0.130	0.172	0.100	0.168	0.288	0.093	0.085	0.184	0.268	600 Read#33

600
Kinetic read 34 (16:30:00)
	1	2	3	4	5	6	7	8	9	10	11	12
A	0.100	0.090	0.084	0.086	0.086	0.086	0.087	0.086	0.086	0.084	0.085	0.089	600 Read#34
B	0.084	0.087	0.089	0.085	0.084	0.087	0.087	0.085	0.087	0.086	0.086	0.086	600 Read#34
C	0.086	0.092	0.866	1.107	0.911	1.054	0.321	0.901	0.117	0.159	0.086	0.087	600 Read#34
D	0.176	0.249	0.936	1.069	0.839	1.076	0.794	0.938	0.209	0.519	0.117	0.108	600 Read#34
E	0.087	0.265	0.951	1.067	0.763	0.943	0.381	0.830	0.150	0.688	0.291	0.219	600 Read#34
F	0.081	0.107	0.879	1.067	0.904	1.105	0.673	0.924	0.114	0.192	0.087	0.089	600 Read#34
G	0.088	0.092	0.196	0.270	0.165	0.103	0.234	0.419	0.187	0.148	0.106	0.105	600 Read#34
H	0.095	0.179	0.094	0.133	0.175	0.100	0.165	0.273	0.093	0.086	0.183	0.212	600 Read#34

600
Kinetic read 35 (17:00:00)
	1	2	3	4	5	6	7	8	9	10	11	12
A	0.099	0.093	0.088	0.085	0.086	0.086	0.086	0.086	0.086	0.084	0.085	0.090	600 Read#35
B	0.082	0.087	0.085	0.085	0.084	0.087	0.087	0.085	0.087	0.085	0.086	0.086	600 Read#35
C	0.083	0.091	0.938	1.109	0.956	1.050	0.333	0.911	0.118	0.160	0.086	0.087	600 Read#35
D	0.175	0.265	0.994	1.072	0.888	1.069	0.866	0.938	0.212	0.565	0.114	0.107	600 Read#35
E	0.083	0.227	1.007	1.070	0.819	0.946	0.379	0.827	0.152	0.727	0.330	0.212	600 Read#35
F	0.080	0.106	0.950	1.070	0.935	1.108	0.708	0.938	0.114	0.196	0.087	0.090	600 Read#35
G	0.087	0.092	0.199	0.255	0.159	0.102	0.289	0.386	0.175	0.117	0.105	0.110	600 Read#35
H	0.095	0.191	0.094	0.151	0.182	0.100	0.156	0.334	0.098	0.087	0.166	0.292	600 Read#35

600
Kinetic read 36 (17:30:00)
	1	2	3	4	5	6	7	8	9	10	11	12
A	0.111	0.102	0.084	0.085	0.086	0.086	0.087	0.086	0.086	0.084	0.085	0.090	600 Read#36
B	0.082	0.087	0.085	0.085	0.084	0.087	0.087	0.085	0.087	0.086	0.085	0.086	600 Read#36
C	0.082	0.091	0.999	1.112	0.994	1.049	0.333	0.882	0.118	0.161	0.086	0.087	600 Read#36
D	0.175	0.250	1.043	1.074	0.925	1.060	0.907	0.943	0.212	0.600	0.122	0.106	600 Read#36
E	0.083	0.263	1.058	1.072	0.857	0.951	0.379	0.832	0.157	0.778	0.303	0.271	600 Read#36
F	0.080	0.109	1.010	1.073	0.970	1.108	0.761	0.941	0.115	0.203	0.088	0.088	600 Read#36
G	0.088	0.092	0.219	0.235	0.177	0.092	0.269	0.405	0.175	0.144	0.104	0.109	600 Read#36
H	0.095	0.192	0.094	0.158	0.170	0.100	0.155	0.314	0.097	0.085	0.166	0.280	600 Read#36

600
Kinetic read 37 (0:00:00)
	1	2	3	4	5	6	7	8	9	10	11	12
A													600 Read#37
B													600 Read#37
C													600 Read#37
D													600 Read#37
E													600 Read#37
F													600 Read#37
G													600 Read#37
H													600 Read#37

600
Kinetic read 38 (0:00:00)
	1	2	3	4	5	6	7	8	9	10	11	12
A													600 Read#38
B													600 Read#38
C													600 Read#38
D													600 Read#38
E													600 Read#38
F													600 Read#38
G													600 Read#38
H													600 Read#38

600
Kinetic read 39 (0:00:00)
	1	2	3	4	5	6	7	8	9	10	11	12
A													600 Read#39
B													600 Read#39
C													600 Read#39
D													600 Read#39
E													600 Read#39
F													600 Read#39
G													600 Read#39
H													600 Read#39

600
Kinetic read 40 (0:00:00)
	1	2	3	4	5	6	7	8	9	10	11	12
A													600 Read#40
B													600 Read#40
C													600 Read#40
D													600 Read#40
E													600 Read#40
F													600 Read#40
G													600 Read#40
H													600 Read#40

600
Kinetic read 41 (0:00:00)
	1	2	3	4	5	6	7	8	9	10	11	12
A													600 Read#41
B													600 Read#41
C													600 Read#41
D													600 Read#41
E													600 Read#41
F													600 Read#41
G													600 Read#41
H													600 Read#41

600
Kinetic read 42 (0:00:00)
	1	2	3	4	5	6	7	8	9	10	11	12
A													600 Read#42
B													600 Read#42
C													600 Read#42
D													600 Read#42
E													600 Read#42
F													600 Read#42
G													600 Read#42
H													600 Read#42

600
Kinetic read 43 (0:00:00)
	1	2	3	4	5	6	7	8	9	10	11	12
A													600 Read#43
B													600 Read#43
C													600 Read#43
D													600 Read#43
E													600 Read#43
F													600 Read#43
G													600 Read#43
H													600 Read#43

600
Kinetic read 44 (0:00:00)
	1	2	3	4	5	6	7	8	9	10	11	12
A													600 Read#44
B													600 Read#44
C													600 Read#44
D													600 Read#44
E													600 Read#44
F													600 Read#44
G													600 Read#44
H													600 Read#44

600
Kinetic read 45 (0:00:00)
	1	2	3	4	5	6	7	8	9	10	11	12
A													600 Read#45
B													600 Read#45
C													600 Read#45
D													600 Read#45
E													600 Read#45
F													600 Read#45
G													600 Read#45
H													600 Read#45

600
Kinetic read 46 (0:00:00)
	1	2	3	4	5	6	7	8	9	10	11	12
A													600 Read#46
B													600 Read#46
C													600 Read#46
D													600 Read#46
E													600 Read#46
F													600 Read#46
G													600 Read#46
H													600 Read#46

600
Kinetic read 47 (0:00:00)
	1	2	3	4	5	6	7	8	9	10	11	12
A													600 Read#47
B													600 Read#47
C													600 Read#47
D													600 Read#47
E													600 Read#47
F													600 Read#47
G													600 Read#47
H													600 Read#47

600
Kinetic read 48 (0:00:00)
	1	2	3	4	5	6	7	8	9	10	11	12
A													600 Read#48
B													600 Read#48
C													600 Read#48
D													600 Read#48
E													600 Read#48
F													600 Read#48
G													600 Read#48
H													600 Read#48

600
Kinetic read 49 (0:00:00)
	1	2	3	4	5	6	7	8	9	10	11	12
A													600 Read#49
B													600 Read#49
C													600 Read#49
D													600 Read#49
E													600 Read#49
F													600 Read#49
G													600 Read#49
H													600 Read#49

600

Kinetic read	A1	B1	C1	D1	E1	F1	G1	H1	A2	B2	C2	D2	E2	F2	G2	H2	A3	B3	C3	D3	E3	F3	G3	H3	A4	B4	C4	D4	E4	F4	G4	H4	A5	B5	C5	D5	E5	F5	G5	H5	A6	B6	C6	D6	E6	F6	G6	H6	A7	B7	C7	D7	E7	F7	G7	H7	A8	B8	C8	D8	E8	F8	G8	H8	A9	B9	C9	D9	E9	F9	G9	H9	A10	B10	C10	D10	E10	F10	G10	H10
0:00:00	0.087	0.086	0.084	0.085	0.085	0.084	0.083	0.086	0.086	0.085	0.086	0.086	0.085	0.085	0.085	0.083	0.083	0.084	0.096	0.100	0.106	0.096	0.083	0.083	0.085	0.083	0.144	0.146	0.145	0.145	0.086	0.085	0.085	0.083	0.104	0.118	0.104	0.106	0.085	0.085	0.086	0.086	0.145	0.241	0.162	0.167	0.085	0.087	0.086	0.085	0.107	0.109	0.119	0.107	0.086	0.086	0.086	0.084	0.232	0.205	0.164	0.174	0.084	0.084	0.085	0.085	0.202	0.186	0.176	0.126	0.087	0.084	0.083	0.084	0.237	0.210	0.199	0.275	0.085	0.085
0:30:00	0.100	0.086	0.085	0.086	0.085	0.084	0.083	0.086	0.086	0.086	0.086	0.086	0.085	0.085	0.085	0.083	0.083	0.084	0.097	0.099	0.104	0.096	0.083	0.083	0.085	0.083	0.159	0.160	0.158	0.158	0.086	0.085	0.085	0.083	0.104	0.114	0.099	0.106	0.085	0.085	0.086	0.086	0.160	0.244	0.168	0.184	0.086	0.087	0.086	0.085	0.114	0.110	0.124	0.112	0.089	0.086	0.085	0.084	0.236	0.208	0.165	0.186	0.084	0.084	0.085	0.085	0.134	0.142	0.144	0.109	0.087	0.084	0.083	0.085	0.197	0.183	0.173	0.278	0.085	0.085
1:00:00	0.118	0.086	0.085	0.086	0.086	0.084	0.083	0.086	0.086	0.086	0.086	0.086	0.085	0.085	0.085	0.083	0.083	0.084	0.096	0.097	0.100	0.096	0.083	0.083	0.085	0.083	0.182	0.183	0.178	0.180	0.086	0.085	0.085	0.082	0.103	0.116	0.100	0.106	0.085	0.085	0.086	0.086	0.179	0.185	0.195	0.201	0.087	0.087	0.086	0.085	0.107	0.109	0.133	0.114	0.102	0.086	0.086	0.084	0.215	0.227	0.178	0.192	0.086	0.085	0.085	0.086	0.124	0.124	0.128	0.108	0.090	0.085	0.083	0.085	0.196	0.170	0.158	0.259	0.087	0.085
1:30:00	0.189	0.092	0.085	0.086	0.086	0.085	0.083	0.087	0.086	0.086	0.086	0.086	0.085	0.085	0.085	0.083	0.083	0.084	0.096	0.097	0.099	0.096	0.083	0.083	0.085	0.084	0.221	0.219	0.212	0.216	0.086	0.085	0.086	0.083	0.103	0.121	0.101	0.105	0.085	0.085	0.085	0.086	0.199	0.232	0.237	0.212	0.087	0.088	0.086	0.086	0.107	0.107	0.136	0.114	0.107	0.086	0.086	0.085	0.263	0.242	0.189	0.209	0.098	0.090	0.085	0.086	0.122	0.118	0.122	0.110	0.105	0.086	0.083	0.085	0.180	0.167	0.162	0.241	0.103	0.085
2:00:00	0.192	0.093	0.085	0.086	0.086	0.085	0.084	0.087	0.086	0.086	0.086	0.086	0.086	0.085	0.085	0.083	0.083	0.084	0.096	0.097	0.098	0.096	0.083	0.084	0.085	0.084	0.281	0.275	0.267	0.270	0.086	0.085	0.085	0.083	0.103	0.127	0.102	0.105	0.085	0.085	0.085	0.086	0.232	0.273	0.286	0.252	0.087	0.087	0.086	0.085	0.108	0.103	0.143	0.115	0.133	0.086	0.086	0.084	0.307	0.275	0.225	0.245	0.110	0.092	0.085	0.086	0.121	0.115	0.119	0.110	0.117	0.087	0.083	0.085	0.176	0.177	0.158	0.239	0.114	0.085
2:30:00	0.120	0.092	0.086	0.086	0.086	0.085	0.084	0.089	0.086	0.086	0.086	0.086	0.086	0.086	0.086	0.083	0.083	0.084	0.096	0.097	0.097	0.096	0.084	0.084	0.085	0.084	0.362	0.341	0.338	0.368	0.086	0.085	0.085	0.083	0.103	0.139	0.104	0.105	0.085	0.085	0.086	0.086	0.400	0.344	0.360	0.314	0.087	0.088	0.086	0.086	0.110	0.107	0.143	0.115	0.141	0.086	0.086	0.084	0.360	0.315	0.289	0.336	0.113	0.090	0.085	0.086	0.121	0.115	0.118	0.111	0.126	0.876	0.083	0.085	0.167	0.175	0.157	0.236	0.119	0.085
3:00:00	0.212	0.092	0.086	0.087	0.086	0.085	0.083	0.101	0.086	0.086	0.086	0.087	0.086	0.086	0.086	0.083	0.085	0.084	0.096	0.097	0.097	0.096	0.084	0.083	0.085	0.084	0.390	0.405	0.395	0.398	0.086	0.085	0.085	0.083	0.102	0.142	0.105	0.105	0.085	0.085	0.086	0.086	0.490	0.440	0.481	0.444	0.087	0.087	0.086	0.086	0.123	0.110	0.138	0.116	0.165	0.086	0.086	0.085	0.384	0.466	0.350	0.380	0.116	0.086	0.085	0.086	0.121	0.116	0.118	0.111	0.132	0.956	0.083	0.085	0.160	0.172	0.155	0.222	0.122	0.085
3:30:00	0.201	0.096	0.086	0.087	0.086	0.085	0.083	0.102	0.086	0.086	0.086	0.087	0.086	0.086	0.086	0.084	0.083	0.085	0.096	0.096	0.097	0.096	0.084	0.084	0.085	0.084	0.469	0.492	0.478	0.487	0.086	0.085	0.086	0.083	0.102	0.142	0.106	0.105	0.088	0.085	0.086	0.086	0.602	0.547	0.570	0.522	0.087	0.088	0.086	0.086	0.140	0.117	0.140	0.118	0.245	0.086	0.086	0.085	0.402	0.410	0.386	0.406	0.127	0.086	0.085	0.086	0.119	0.117	0.118	0.112	0.137	0.908	0.083	0.085	0.196	0.167	0.154	0.232	0.122	0.085
4:00:00	0.262	0.096	0.086	0.087	0.086	0.085	0.084	0.101	0.086	0.086	0.086	0.087	0.086	0.086	0.086	0.084	0.087	0.085	0.096	0.096	0.097	0.096	0.084	0.084	0.085	0.084	0.573	0.584	0.575	0.586	0.087	0.085	0.086	0.083	0.102	0.134	0.107	0.105	0.087	0.088	0.086	0.086	0.702	0.615	0.658	0.620	0.087	0.088	0.086	0.086	0.153	0.127	0.141	0.125	0.235	0.086	0.086	0.085	0.419	0.435	0.404	0.425	0.137	0.086	0.085	0.086	0.120	0.118	0.121	0.107	0.140	0.882	0.083	0.085	0.167	0.167	0.154	0.243	0.121	0.085
4:30:00	0.224	0.095	0.086	0.087	0.086	0.085	0.084	0.095	0.086	0.087	0.087	0.087	0.086	0.086	0.086	0.084	0.083	0.085	0.096	0.097	0.098	0.096	0.086	0.084	0.085	0.084	0.666	0.669	0.659	0.670	0.087	0.085	0.086	0.083	0.102	0.134	0.108	0.106	0.087	0.090	0.086	0.086	0.725	0.683	0.710	0.705	0.088	0.088	0.086	0.086	0.164	0.138	0.139	0.129	0.280	0.089	0.086	0.085	0.436	0.446	0.424	0.445	0.139	0.092	0.086	0.087	0.119	0.120	0.120	0.111	0.142	0.853	0.084	0.085	0.159	0.149	0.154	0.215	0.107	0.085
5:00:00	0.229	0.096	0.086	0.087	0.086	0.085	0.084	0.096	0.086	0.086	0.087	0.087	0.086	0.086	0.086	0.084	0.083	0.085	0.096	0.097	0.097	0.096	0.085	0.084	0.085	0.084	0.743	0.745	0.735	0.746	0.089	0.086	0.086	0.083	0.102	0.160	0.110	0.106	0.088	0.093	0.086	0.086	0.802	0.756	0.774	0.784	0.088	0.088	0.086	0.086	0.171	0.150	0.138	0.136	0.246	0.097	0.086	0.085	0.472	0.469	0.442	0.454	0.150	0.086	0.086	0.086	0.119	0.122	0.120	0.109	0.144	0.810	0.084	0.085	0.156	0.149	0.154	0.188	0.093	0.085
5:30:00	0.264	0.096	0.086	0.089	0.086	0.085	0.083	0.094	0.086	0.087	0.087	0.087	0.086	0.086	0.086	0.084	0.083	0.085	0.096	0.097	0.099	0.096	0.088	0.084	0.085	0.084	0.803	0.799	0.790	0.799	0.092	0.088	0.086	0.083	0.103	0.129	0.114	0.106	0.089	0.096	0.086	0.086	0.843	0.823	0.820	0.842	0.090	0.088	0.086	0.086	0.178	0.159	0.144	0.149	0.327	0.103	0.086	0.085	0.527	0.484	0.470	0.480	0.150	0.087	0.086	0.086	0.120	0.124	0.120	0.109	0.146	0.774	0.084	0.085	0.155	0.148	0.157	0.195	0.087	0.085
6:00:00	0.212	0.097	0.086	0.089	0.086	0.085	0.084	0.103	0.086	0.087	0.087	0.088	0.086	0.086	0.086	0.084	0.083	0.085	0.097	0.097	0.098	0.096	0.098	0.084	0.085	0.085	0.848	0.833	0.827	0.833	0.103	0.092	0.086	0.083	0.103	0.109	0.118	0.106	0.090	0.099	0.086	0.086	0.896	0.874	0.875	0.888	0.089	0.088	0.086	0.087	0.186	0.170	0.143	0.163	0.222	0.101	0.086	0.085	0.544	0.500	0.490	0.507	0.155	0.087	0.086	0.086	0.119	0.125	0.121	0.110	0.149	0.720	0.084	0.085	0.157	0.149	0.150	0.192	0.087	0.085
6:30:00	0.219	0.095	0.086	0.087	0.086	0.085	0.084	0.118	0.086	0.087	0.087	0.088	0.092	0.086	0.086	0.084	0.083	0.085	0.096	0.097	0.099	0.096	0.105	0.084	0.085	0.085	0.888	0.865	0.861	0.865	0.110	0.093	0.086	0.083	0.104	0.111	0.122	0.106	0.091	0.101	0.086	0.086	0.930	0.931	0.942	0.930	0.089	0.088	0.086	0.087	0.194	0.179	0.145	0.175	0.312	0.106	0.086	0.085	0.568	0.527	0.509	0.536	0.174	0.087	0.086	0.086	0.120	0.126	0.122	0.109	0.151	0.661	0.084	0.085	0.158	0.147	0.151	0.186	0.086	0.085
7:00:00	0.209	0.095	0.086	0.095	0.086	0.085	0.084	0.125	0.088	0.087	0.087	0.092	0.102	0.086	0.086	0.084	0.084	0.085	0.096	0.097	0.098	0.096	0.105	0.084	0.085	0.085	0.921	0.894	0.893	0.898	0.114	0.095	0.086	0.084	0.101	0.112	0.127	0.107	0.097	0.104	0.086	0.087	0.998	0.978	1.033	0.970	0.094	0.088	0.086	0.087	0.203	0.190	0.144	0.180	0.288	0.106	0.086	0.085	0.597	0.553	0.530	0.562	0.172	0.097	0.086	0.086	0.118	0.129	0.122	0.110	0.155	0.609	0.084	0.085	0.154	0.147	0.151	0.200	0.086	0.085
7:30:00	0.238	0.096	0.086	0.109	0.087	0.085	0.083	0.138	0.086	0.087	0.087	0.096	0.108	0.086	0.086	0.084	0.084	0.085	0.096	0.097	0.102	0.096	0.106	0.084	0.085	0.085	0.951	0.924	0.920	0.926	0.129	0.096	0.086	0.083	0.105	0.114	0.131	0.111	0.095	0.108	0.086	0.087	1.023	1.012	1.063	1.000	0.093	0.088	0.086	0.087	0.214	0.199	0.135	0.192	0.317	0.109	0.086	0.085	0.617	0.562	0.548	0.590	0.192	0.089	0.086	0.086	0.117	0.132	0.124	0.108	0.155	0.536	0.084	0.085	0.157	0.147	0.149	0.199	0.086	0.085
8:00:00	0.247	0.095	0.086	0.112	0.086	0.085	0.083	0.141	0.086	0.087	0.087	0.106	0.112	0.086	0.086	0.084	0.083	0.085	0.096	0.097	0.099	0.096	0.110	0.084	0.085	0.085	0.974	0.950	0.952	0.951	0.146	0.098	0.086	0.083	0.101	0.117	0.136	0.109	0.100	0.109	0.086	0.086	1.064	1.043	1.088	1.027	0.092	0.089	0.086	0.087	0.221	0.207	0.131	0.191	0.295	0.117	0.086	0.085	0.635	0.613	0.576	0.626	0.244	0.089	0.086	0.086	0.117	0.136	0.124	0.109	0.158	0.484	0.084	0.085	0.155	0.147	0.148	0.197	0.087	0.085
8:30:00	0.274	0.095	0.086	0.117	0.086	0.084	0.083	0.137	0.086	0.087	0.087	0.109	0.119	0.086	0.086	0.084	0.083	0.085	0.096	0.097	0.109	0.096	0.115	0.085	0.085	0.084	1.004	0.982	0.983	0.977	0.154	0.103	0.086	0.083	0.103	0.117	0.143	0.108	0.103	0.114	0.086	0.086	1.088	1.067	1.105	1.054	0.091	0.088	0.086	0.087	0.229	0.218	0.135	0.195	0.273	0.121	0.086	0.085	0.664	0.629	0.595	0.639	0.184	0.092	0.086	0.086	0.117	0.141	0.123	0.109	0.161	0.418	0.084	0.085	0.152	0.148	0.148	0.182	0.086	0.085
9:00:00	0.270	0.096	0.086	0.129	0.086	0.085	0.084	0.168	0.086	0.087	0.087	0.113	0.126	0.087	0.086	0.084	0.083	0.085	0.096	0.098	0.100	0.096	0.123	0.086	0.085	0.085	1.028	1.006	1.001	1.003	0.154	0.108	0.086	0.084	0.104	0.118	0.151	0.128	0.105	0.122	0.086	0.086	1.123	1.091	1.142	1.084	0.092	0.088	0.086	0.087	0.239	0.229	0.154	0.195	0.280	0.122	0.086	0.085	0.698	0.686	0.601	0.675	0.299	0.106	0.086	0.087	0.116	0.146	0.124	0.110	0.162	0.356	0.084	0.085	0.155	0.145	0.150	0.174	0.086	0.085
9:30:00	0.266	0.096	0.086	0.133	0.087	0.085	0.083	0.178	0.089	0.087	0.087	0.122	0.141	0.089	0.086	0.084	0.084	0.085	0.097	0.098	0.102	0.097	0.129	0.087	0.085	0.085	1.053	1.034	1.031	1.037	0.169	0.114	0.086	0.084	0.107	0.120	0.162	0.146	0.107	0.123	0.086	0.087	1.165	1.113	1.155	1.117	0.092	0.088	0.087	0.087	0.248	0.241	0.173	0.196	0.251	0.127	0.086	0.085	0.713	0.680	0.624	0.707	0.273	0.115	0.086	0.086	0.117	0.150	0.124	0.110	0.168	0.286	0.084	0.085	0.158	0.150	0.150	0.194	0.086	0.085
10:00:00	0.285	0.097	0.086	0.138	0.086	0.087	0.083	0.167	0.094	0.087	0.087	0.120	0.145	0.089	0.086	0.084	0.083	0.085	0.097	0.100	0.106	0.098	0.126	0.085	0.085	0.084	1.078	1.042	1.043	1.039	0.166	0.116	0.086	0.083	0.112	0.124	0.176	0.162	0.108	0.133	0.086	0.087	1.110	1.142	1.140	1.124	0.091	0.088	0.086	0.087	0.256	0.253	0.189	0.196	0.297	0.124	0.086	0.085	0.739	0.716	0.634	0.728	0.340	0.119	0.086	0.086	0.115	0.155	0.126	0.109	0.165	0.244	0.084	0.085	0.153	0.144	0.151	0.178	0.086	0.085
10:30:00	0.295	0.093	0.086	0.147	0.086	0.087	0.083	0.193	0.094	0.087	0.087	0.144	0.152	0.091	0.087	0.094	0.083	0.085	0.099	0.101	0.107	0.100	0.133	0.087	0.085	0.085	1.089	1.038	1.041	1.037	0.189	0.123	0.086	0.083	0.124	0.132	0.199	0.129	0.111	0.132	0.086	0.086	1.088	1.140	1.114	1.116	0.091	0.088	0.086	0.087	0.264	0.266	0.198	0.197	0.288	0.132	0.086	0.085	0.755	0.736	0.656	0.746	0.323	0.109	0.086	0.087	0.116	0.162	0.126	0.109	0.170	0.201	0.084	0.085	0.157	0.145	0.155	0.182	0.099	0.085
11:00:00	0.265	0.093	0.086	0.154	0.086	0.087	0.083	0.196	0.089	0.087	0.087	0.157	0.122	0.092	0.087	0.104	0.083	0.085	0.101	0.107	0.114	0.104	0.139	0.087	0.085	0.085	1.086	1.036	1.039	1.035	0.211	0.129	0.086	0.084	0.147	0.151	0.239	0.152	0.114	0.136	0.086	0.087	1.073	1.139	1.108	1.111	0.090	0.090	0.087	0.087	0.269	0.277	0.213	0.208	0.242	0.135	0.086	0.085	0.775	0.768	0.689	0.760	0.356	0.141	0.086	0.086	0.117	0.196	0.125	0.110	0.168	0.178	0.084	0.085	0.158	0.153	0.161	0.174	0.104	0.085
11:30:00	0.286	0.098	0.086	0.155	0.086	0.087	0.083	0.216	0.089	0.087	0.087	0.172	0.115	0.096	0.088	0.112	0.083	0.085	0.106	0.118	0.128	0.108	0.154	0.087	0.085	0.085	1.083	1.040	1.039	1.036	0.191	0.131	0.086	0.084	0.192	0.182	0.295	0.192	0.122	0.137	0.086	0.087	1.062	1.136	1.083	1.107	0.091	0.089	0.087	0.087	0.274	0.284	0.225	0.209	0.272	0.145	0.086	0.085	0.792	0.858	0.712	0.775	0.313	0.137	0.086	0.086	0.116	0.195	0.126	0.111	0.169	0.161	0.084	0.085	0.152	0.154	0.172	0.172	0.101	0.085
12:00:00	0.269	0.089	0.086	0.160	0.086	0.087	0.083	0.223	0.094	0.087	0.087	0.180	0.179	0.089	0.088	0.120	0.084	0.085	0.117	0.140	0.154	0.120	0.153	0.088	0.090	0.085	1.082	1.041	1.040	1.037	0.217	0.143	0.086	0.084	0.246	0.218	0.373	0.248	0.124	0.136	0.086	0.087	1.050	1.128	1.071	1.104	0.091	0.096	0.087	0.087	0.278	0.282	0.242	0.234	0.248	0.144	0.086	0.085	0.785	0.851	0.714	0.780	0.376	0.156	0.086	0.087	0.116	0.202	0.130	0.111	0.174	0.148	0.084	0.086	0.155	0.149	0.194	0.159	0.114	0.085
12:30:00	0.306	0.096	0.086	0.159	0.086	0.089	0.083	0.222	0.095	0.087	0.089	0.188	0.192	0.096	0.089	0.131	0.083	0.085	0.138	0.182	0.198	0.142	0.142	0.089	0.085	0.085	1.086	1.043	1.044	1.039	0.246	0.141	0.086	0.084	0.336	0.285	0.456	0.335	0.129	0.146	0.086	0.087	1.042	1.117	1.076	1.104	0.091	0.096	0.087	0.087	0.282	0.288	0.256	0.240	0.260	0.145	0.087	0.085	0.797	0.862	0.719	0.788	0.337	0.156	0.086	0.087	0.117	0.201	0.129	0.111	0.171	0.139	0.084	0.086	0.155	0.155	0.225	0.165	0.101	0.085
13:00:00	0.300	0.094	0.086	0.161	0.087	0.089	0.083	0.200	0.094	0.087	0.088	0.196	0.198	0.097	0.089	0.132	0.083	0.085	0.176	0.248	0.263	0.183	0.150	0.089	0.085	0.085	1.088	1.046	1.045	1.043	0.227	0.149	0.086	0.084	0.432	0.375	0.522	0.427	0.129	0.151	0.086	0.087	1.036	1.110	1.050	1.103	0.091	0.097	0.086	0.087	0.288	0.312	0.277	0.281	0.259	0.150	0.086	0.085	0.827	0.884	0.727	0.800	0.421	0.168	0.086	0.086	0.117	0.201	0.132	0.111	0.177	0.138	0.084	0.085	0.156	0.161	0.288	0.179	0.094	0.085
13:30:00	0.307	0.100	0.086	0.164	0.088	0.089	0.083	0.224	0.096	0.087	0.089	0.213	0.194	0.100	0.090	0.144	0.084	0.087	0.243	0.338	0.354	0.251	0.156	0.089	0.086	0.085	1.091	1.049	1.049	1.046	0.231	0.142	0.086	0.084	0.534	0.459	0.566	0.524	0.132	0.163	0.086	0.087	1.039	1.108	1.011	1.103	0.092	0.096	0.087	0.087	0.293	0.348	0.307	0.349	0.289	0.142	0.087	0.085	0.858	0.905	0.744	0.803	0.369	0.229	0.086	0.087	0.116	0.200	0.132	0.111	0.174	0.130	0.084	0.086	0.154	0.178	0.353	0.175	0.102	0.086
14:00:00	0.262	0.099	0.086	0.165	0.087	0.089	0.083	0.228	0.100	0.087	0.089	0.214	0.177	0.101	0.090	0.151	0.083	0.087	0.327	0.444	0.473	0.338	0.142	0.089	0.085	0.085	1.093	1.053	1.051	1.049	0.238	0.142	0.086	0.084	0.616	0.545	0.609	0.589	0.141	0.164	0.086	0.087	1.037	1.104	1.005	1.103	0.092	0.098	0.086	0.087	0.296	0.409	0.338	0.392	0.278	0.151	0.086	0.085	0.870	0.924	0.760	0.813	0.423	0.217	0.086	0.087	0.117	0.202	0.137	0.111	0.179	0.123	0.084	0.086	0.155	0.188	0.422	0.190	0.089	0.085
14:30:00	0.278	0.093	0.086	0.167	0.087	0.087	0.083	0.131	0.100	0.087	0.088	0.194	0.205	0.101	0.090	0.155	0.083	0.085	0.432	0.583	0.612	0.442	0.152	0.090	0.085	0.085	1.096	1.056	1.054	1.053	0.259	0.136	0.086	0.084	0.690	0.613	0.651	0.678	0.141	0.176	0.086	0.087	1.043	1.101	0.974	1.103	0.091	0.098	0.087	0.087	0.301	0.488	0.353	0.451	0.281	0.155	0.087	0.085	0.899	0.935	0.782	0.829	0.373	0.228	0.086	0.087	0.117	0.201	0.139	0.111	0.182	0.106	0.084	0.085	0.163	0.224	0.475	0.162	0.116	0.085
15:00:00	0.197	0.093	0.086	0.171	0.087	0.084	0.081	0.086	0.101	0.087	0.089	0.230	0.190	0.102	0.091	0.180	0.085	0.085	0.568	0.705	0.722	0.582	0.164	0.091	0.085	0.085	1.099	1.059	1.057	1.058	0.250	0.138	0.086	0.084	0.760	0.682	0.678	0.749	0.145	0.165	0.086	0.087	1.043	1.096	0.955	1.103	0.092	0.100	0.086	0.087	0.308	0.579	0.384	0.500	0.289	0.156	0.087	0.085	0.899	0.929	0.807	0.858	0.393	0.245	0.086	0.087	0.116	0.202	0.140	0.111	0.186	0.104	0.084	0.086	0.161	0.283	0.531	0.167	0.139	0.085
15:30:00	0.132	0.095	0.086	0.169	0.087	0.084	0.079	0.082	0.101	0.087	0.091	0.229	0.198	0.105	0.091	0.180	0.083	0.086	0.693	0.799	0.812	0.706	0.167	0.091	0.085	0.085	1.101	1.063	1.060	1.061	0.230	0.125	0.086	0.084	0.816	0.741	0.706	0.810	0.150	0.179	0.086	0.087	1.044	1.090	0.944	1.103	0.091	0.100	0.086	0.087	0.314	0.665	0.385	0.559	0.283	0.148	0.086	0.085	0.885	0.924	0.824	0.904	0.409	0.285	0.086	0.086	0.118	0.208	0.143	0.113	0.182	0.097	0.084	0.085	0.154	0.333	0.600	0.167	0.137	0.086
16:00:00	0.100	0.087	0.086	0.174	0.087	0.083	0.079	0.095	0.100	0.087	0.089	0.239	0.213	0.105	0.092	0.183	0.084	0.085	0.791	0.867	0.884	0.803	0.168	0.093	0.085	0.085	1.105	1.066	1.064	1.064	0.249	0.130	0.086	0.084	0.864	0.794	0.732	0.865	0.154	0.172	0.086	0.087	1.046	1.083	0.942	1.104	0.092	0.100	0.087	0.087	0.318	0.743	0.382	0.614	0.274	0.168	0.087	0.085	0.872	0.941	0.835	0.927	0.400	0.288	0.086	0.087	0.118	0.208	0.146	0.114	0.178	0.093	0.084	0.086	0.163	0.452	0.638	0.165	0.185	0.085
16:30:00	0.100	0.084	0.086	0.176	0.087	0.081	0.088	0.095	0.090	0.087	0.092	0.249	0.265	0.107	0.092	0.179	0.084	0.089	0.866	0.936	0.951	0.879	0.196	0.094	0.086	0.085	1.107	1.069	1.067	1.067	0.270	0.133	0.086	0.084	0.911	0.839	0.763	0.904	0.165	0.175	0.086	0.087	1.054	1.076	0.943	1.105	0.103	0.100	0.087	0.087	0.321	0.794	0.381	0.673	0.234	0.165	0.086	0.085	0.901	0.938	0.830	0.924	0.419	0.273	0.086	0.087	0.117	0.209	0.150	0.114	0.187	0.093	0.084	0.086	0.159	0.519	0.688	0.192	0.148	0.086
17:00:00	0.099	0.082	0.083	0.175	0.083	0.080	0.087	0.095	0.093	0.087	0.091	0.265	0.227	0.106	0.092	0.191	0.088	0.085	0.938	0.994	1.007	0.950	0.199	0.094	0.085	0.085	1.109	1.072	1.070	1.070	0.255	0.151	0.086	0.084	0.956	0.888	0.819	0.935	0.159	0.182	0.086	0.087	1.050	1.069	0.946	1.108	0.102	0.100	0.086	0.087	0.333	0.866	0.379	0.708	0.289	0.156	0.086	0.085	0.911	0.938	0.827	0.938	0.386	0.334	0.086	0.087	0.118	0.212	0.152	0.114	0.175	0.098	0.084	0.085	0.160	0.565	0.727	0.196	0.117	0.087
17:30:00	0.111	0.082	0.082	0.175	0.083	0.080	0.088	0.095	0.102	0.087	0.091	0.250	0.263	0.109	0.092	0.192	0.084	0.085	0.999	1.043	1.058	1.010	0.219	0.094	0.085	0.085	1.112	1.074	1.072	1.073	0.235	0.158	0.086	0.084	0.994	0.925	0.857	0.970	0.177	0.170	0.086	0.087	1.049	1.060	0.951	1.108	0.092	0.100	0.087	0.087	0.333	0.907	0.379	0.761	0.269	0.155	0.086	0.085	0.882	0.943	0.832	0.941	0.405	0.314	0.086	0.087	0.118	0.212	0.157	0.115	0.175	0.097	0.084	0.086	0.161	0.600	0.778	0.203	0.144	0.085
0:00:00																																																																																
0:00:00																																																																																
0:00:00																																																																																
0:00:00																																																																																
0:00:00																																																																																
0:00:00																																																																																
0:00:00																																																																																
0:00:00																																																																																
0:00:00																																																																																
0:00:00																																																																																
0:00:00																																																																																
0:00:00																																																																																
0:00:00																																																																																

