600
Kinetic read 1 (0:00:00)
	1	2	3	4	5	6	7	8	9	10	11	12
A	0.085	0.085	0.083	0.084	0.086	0.086	0.087	0.086	0.085	0.084	0.084	0.086	600 Read#1
B	0.086	0.086	0.085	0.086	0.085	0.086	0.087	0.084	0.087	0.085	0.086	0.085	600 Read#1
C	0.085	0.086	0.097	0.121	0.095	0.126	0.095	0.120	0.096	0.118	0.086	0.085	600 Read#1
D	0.086	0.086	0.096	0.123	0.095	0.126	0.095	0.121	0.095	0.120	0.086	0.086	600 Read#1
E	0.086	0.086	0.096	0.123	0.095	0.116	0.093	0.119	0.101	0.119	0.087	0.086	600 Read#1
F	0.085	0.086	0.096	0.121	0.096	0.119	0.104	0.119	0.095	0.120	0.087	0.086	600 Read#1
G	0.084	0.085	0.086	0.086	0.085	0.087	0.086	0.084	0.086	0.085	0.085	0.085	600 Read#1
H	0.087	0.083	0.084	0.085	0.086	0.086	0.086	0.085	0.087	0.085	0.084	0.084	600 Read#1

600
Kinetic read 2 (0:30:00)
	1	2	3	4	5	6	7	8	9	10	11	12
A	0.085	0.085	0.083	0.084	0.086	0.086	0.087	0.086	0.085	0.083	0.084	0.086	600 Read#2
B	0.086	0.086	0.085	0.086	0.085	0.087	0.087	0.085	0.087	0.085	0.086	0.085	600 Read#2
C	0.085	0.086	0.097	0.136	0.095	0.122	0.095	0.134	0.096	0.117	0.086	0.085	600 Read#2
D	0.086	0.086	0.097	0.139	0.095	0.135	0.095	0.134	0.096	0.118	0.086	0.087	600 Read#2
E	0.085	0.086	0.096	0.139	0.095	0.114	0.093	0.133	0.100	0.116	0.087	0.086	600 Read#2
F	0.085	0.086	0.096	0.136	0.096	0.117	0.101	0.133	0.096	0.117	0.086	0.086	600 Read#2
G	0.084	0.085	0.084	0.086	0.085	0.087	0.086	0.084	0.086	0.085	0.085	0.085	600 Read#2
H	0.087	0.084	0.084	0.085	0.086	0.086	0.087	0.085	0.087	0.085	0.084	0.084	600 Read#2

600
Kinetic read 3 (1:00:00)
	1	2	3	4	5	6	7	8	9	10	11	12
A	0.085	0.085	0.083	0.084	0.086	0.086	0.086	0.086	0.085	0.084	0.084	0.086	600 Read#3
B	0.086	0.086	0.084	0.086	0.084	0.086	0.087	0.084	0.087	0.085	0.086	0.085	600 Read#3
C	0.085	0.092	0.097	0.164	0.095	0.116	0.095	0.147	0.096	0.112	0.086	0.085	600 Read#3
D	0.086	0.103	0.105	0.168	0.096	0.134	0.095	0.148	0.095	0.114	0.086	0.086	600 Read#3
E	0.085	0.095	0.100	0.168	0.095	0.110	0.093	0.147	0.096	0.113	0.086	0.087	600 Read#3
F	0.085	0.086	0.096	0.164	0.097	0.113	0.097	0.147	0.095	0.113	0.086	0.086	600 Read#3
G	0.084	0.085	0.084	0.087	0.087	0.088	0.087	0.085	0.086	0.085	0.085	0.085	600 Read#3
H	0.087	0.083	0.084	0.085	0.086	0.086	0.086	0.085	0.086	0.084	0.084	0.084	600 Read#3

600
Kinetic read 4 (1:30:00)
	1	2	3	4	5	6	7	8	9	10	11	12
A	0.085	0.085	0.083	0.084	0.086	0.086	0.087	0.086	0.085	0.084	0.084	0.086	600 Read#4
B	0.086	0.086	0.085	0.086	0.085	0.086	0.087	0.084	0.088	0.085	0.086	0.085	600 Read#4
C	0.086	0.095	0.098	0.209	0.095	0.113	0.095	0.162	0.096	0.110	0.086	0.086	600 Read#4
D	0.087	0.114	0.120	0.224	0.098	0.139	0.095	0.163	0.096	0.112	0.086	0.087	600 Read#4
E	0.086	0.104	0.113	0.227	0.097	0.108	0.095	0.163	0.097	0.111	0.088	0.089	600 Read#4
F	0.085	0.086	0.096	0.208	0.098	0.113	0.096	0.163	0.097	0.111	0.090	0.086	600 Read#4
G	0.084	0.085	0.085	0.088	0.088	0.090	0.090	0.091	0.092	0.089	0.086	0.085	600 Read#4
H	0.087	0.083	0.084	0.085	0.086	0.086	0.086	0.085	0.087	0.085	0.084	0.084	600 Read#4

600
Kinetic read 5 (2:00:00)
	1	2	3	4	5	6	7	8	9	10	11	12
A	0.085	0.085	0.083	0.084	0.086	0.086	0.087	0.086	0.086	0.084	0.084	0.086	600 Read#5
B	0.086	0.087	0.085	0.086	0.085	0.087	0.087	0.084	0.087	0.085	0.086	0.085	600 Read#5
C	0.086	0.108	0.115	0.300	0.096	0.112	0.095	0.173	0.096	0.109	0.086	0.086	600 Read#5
D	0.088	0.130	0.137	0.316	0.114	0.143	0.096	0.176	0.096	0.111	0.087	0.086	600 Read#5
E	0.086	0.119	0.130	0.316	0.100	0.107	0.093	0.175	0.098	0.110	0.093	0.088	600 Read#5
F	0.085	0.104	0.105	0.296	0.101	0.112	0.096	0.180	0.104	0.111	0.098	0.086	600 Read#5
G	0.084	0.086	0.086	0.088	0.092	0.096	0.100	0.103	0.104	0.099	0.093	0.085	600 Read#5
H	0.087	0.084	0.084	0.085	0.086	0.086	0.087	0.085	0.087	0.085	0.084	0.084	600 Read#5

600
Kinetic read 6 (2:30:00)
	1	2	3	4	5	6	7	8	9	10	11	12
A	0.085	0.085	0.083	0.084	0.086	0.086	0.087	0.086	0.085	0.084	0.084	0.086	600 Read#6
B	0.086	0.098	0.093	0.088	0.085	0.087	0.087	0.084	0.087	0.085	0.086	0.085	600 Read#6
C	0.087	0.122	0.129	0.402	0.102	0.110	0.095	0.177	0.096	0.108	0.086	0.086	600 Read#6
D	0.100	0.147	0.151	0.414	0.128	0.146	0.095	0.181	0.096	0.110	0.086	0.087	600 Read#6
E	0.092	0.136	0.146	0.418	0.099	0.107	0.094	0.182	0.104	0.109	0.096	0.088	600 Read#6
F	0.088	0.124	0.118	0.394	0.108	0.111	0.096	0.194	0.112	0.110	0.101	0.086	600 Read#6
G	0.084	0.086	0.088	0.089	0.099	0.103	0.109	0.114	0.114	0.106	0.096	0.085	600 Read#6
H	0.087	0.084	0.084	0.085	0.086	0.086	0.086	0.085	0.087	0.085	0.084	0.084	600 Read#6

600
Kinetic read 7 (3:00:00)
	1	2	3	4	5	6	7	8	9	10	11	12
A	0.085	0.085	0.083	0.084	0.086	0.086	0.087	0.086	0.086	0.084	0.084	0.086	600 Read#7
B	0.086	0.110	0.104	0.097	0.086	0.087	0.087	0.084	0.087	0.085	0.086	0.085	600 Read#7
C	0.094	0.133	0.141	0.540	0.109	0.110	0.096	0.177	0.096	0.107	0.086	0.086	600 Read#7
D	0.127	0.162	0.164	0.553	0.137	0.149	0.095	0.183	0.096	0.110	0.087	0.087	600 Read#7
E	0.108	0.153	0.160	0.555	0.100	0.106	0.094	0.186	0.111	0.109	0.099	0.088	600 Read#7
F	0.097	0.139	0.127	0.525	0.109	0.110	0.097	0.199	0.118	0.109	0.104	0.086	600 Read#7
G	0.084	0.087	0.088	0.088	0.101	0.106	0.115	0.122	0.122	0.112	0.097	0.085	600 Read#7
H	0.087	0.084	0.084	0.085	0.086	0.086	0.086	0.085	0.087	0.085	0.084	0.084	600 Read#7

600
Kinetic read 8 (3:30:00)
	1	2	3	4	5	6	7	8	9	10	11	12
A	0.085	0.085	0.083	0.084	0.086	0.086	0.087	0.086	0.086	0.084	0.084	0.086	600 Read#8
B	0.086	0.122	0.115	0.106	0.096	0.087	0.087	0.084	0.087	0.085	0.086	0.085	600 Read#8
C	0.098	0.143	0.154	0.697	0.119	0.110	0.095	0.174	0.096	0.107	0.086	0.086	600 Read#8
D	0.147	0.171	0.176	0.701	0.149	0.153	0.096	0.184	0.097	0.109	0.087	0.087	600 Read#8
E	0.111	0.170	0.173	0.700	0.102	0.106	0.093	0.187	0.118	0.108	0.102	0.091	600 Read#8
F	0.099	0.155	0.135	0.679	0.114	0.110	0.097	0.201	0.124	0.109	0.107	0.086	600 Read#8
G	0.084	0.092	0.092	0.090	0.106	0.110	0.121	0.129	0.129	0.117	0.099	0.085	600 Read#8
H	0.087	0.084	0.084	0.085	0.086	0.086	0.086	0.085	0.087	0.085	0.084	0.084	600 Read#8

600
Kinetic read 9 (4:00:00)
	1	2	3	4	5	6	7	8	9	10	11	12
A	0.085	0.085	0.083	0.084	0.086	0.086	0.087	0.086	0.085	0.084	0.084	0.086	600 Read#9
B	0.086	0.133	0.125	0.114	0.105	0.089	0.087	0.084	0.087	0.085	0.086	0.085	600 Read#9
C	0.099	0.152	0.165	0.837	0.128	0.111	0.096	0.169	0.096	0.106	0.086	0.086	600 Read#9
D	0.158	0.184	0.187	0.840	0.159	0.156	0.096	0.185	0.097	0.108	0.088	0.087	600 Read#9
E	0.106	0.187	0.186	0.833	0.104	0.105	0.093	0.186	0.124	0.107	0.105	0.093	600 Read#9
F	0.093	0.165	0.144	0.816	0.119	0.109	0.097	0.201	0.128	0.108	0.110	0.086	600 Read#9
G	0.084	0.092	0.093	0.092	0.110	0.114	0.125	0.136	0.135	0.122	0.101	0.085	600 Read#9
H	0.087	0.084	0.084	0.085	0.086	0.086	0.086	0.085	0.087	0.085	0.084	0.084	600 Read#9

600
Kinetic read 10 (4:30:00)
	1	2	3	4	5	6	7	8	9	10	11	12
A	0.085	0.086	0.083	0.084	0.086	0.086	0.087	0.086	0.085	0.084	0.084	0.086	600 Read#10
B	0.086	0.142	0.134	0.124	0.116	0.098	0.088	0.085	0.088	0.085	0.086	0.085	600 Read#10
C	0.101	0.162	0.175	0.947	0.136	0.118	0.097	0.164	0.097	0.106	0.086	0.086	600 Read#10
D	0.165	0.197	0.198	0.947	0.169	0.158	0.096	0.188	0.099	0.109	0.094	0.087	600 Read#10
E	0.103	0.203	0.198	0.936	0.110	0.105	0.093	0.185	0.131	0.110	0.110	0.096	600 Read#10
F	0.092	0.176	0.152	0.924	0.123	0.109	0.098	0.199	0.133	0.108	0.115	0.086	600 Read#10
G	0.084	0.093	0.094	0.092	0.114	0.117	0.130	0.141	0.141	0.127	0.104	0.085	600 Read#10
H	0.087	0.084	0.085	0.085	0.086	0.086	0.087	0.085	0.087	0.085	0.084	0.084	600 Read#10

600
Kinetic read 11 (5:00:00)
	1	2	3	4	5	6	7	8	9	10	11	12
A	0.085	0.085	0.083	0.084	0.086	0.086	0.087	0.086	0.085	0.084	0.084	0.086	600 Read#11
B	0.086	0.153	0.143	0.132	0.128	0.107	0.099	0.092	0.088	0.085	0.086	0.085	600 Read#11
C	0.105	0.172	0.186	1.036	0.145	0.129	0.106	0.162	0.097	0.105	0.089	0.086	600 Read#11
D	0.174	0.204	0.210	1.036	0.180	0.161	0.096	0.192	0.107	0.115	0.104	0.087	600 Read#11
E	0.101	0.214	0.208	1.023	0.112	0.105	0.099	0.185	0.137	0.116	0.115	0.094	600 Read#11
F	0.091	0.187	0.160	1.012	0.128	0.109	0.098	0.197	0.136	0.108	0.119	0.086	600 Read#11
G	0.084	0.095	0.096	0.093	0.116	0.119	0.132	0.146	0.146	0.130	0.106	0.085	600 Read#11
H	0.087	0.084	0.085	0.086	0.086	0.086	0.087	0.085	0.087	0.085	0.084	0.084	600 Read#11

600
Kinetic read 12 (5:30:00)
	1	2	3	4	5	6	7	8	9	10	11	12
A	0.085	0.085	0.083	0.084	0.086	0.086	0.087	0.086	0.085	0.084	0.084	0.086	600 Read#12
B	0.087	0.163	0.151	0.140	0.137	0.115	0.105	0.094	0.087	0.085	0.086	0.085	600 Read#12
C	0.113	0.181	0.196	1.119	0.154	0.139	0.113	0.160	0.097	0.105	0.090	0.086	600 Read#12
D	0.182	0.214	0.221	1.115	0.188	0.164	0.096	0.195	0.113	0.118	0.112	0.087	600 Read#12
E	0.099	0.225	0.221	1.102	0.120	0.105	0.094	0.185	0.143	0.120	0.119	0.094	600 Read#12
F	0.088	0.197	0.169	1.095	0.136	0.112	0.099	0.197	0.142	0.110	0.124	0.086	600 Read#12
G	0.084	0.096	0.100	0.100	0.123	0.124	0.136	0.151	0.151	0.134	0.108	0.085	600 Read#12
H	0.087	0.084	0.084	0.086	0.086	0.087	0.087	0.085	0.087	0.085	0.084	0.084	600 Read#12

600
Kinetic read 13 (6:00:00)
	1	2	3	4	5	6	7	8	9	10	11	12
A	0.085	0.085	0.083	0.084	0.086	0.086	0.087	0.086	0.085	0.084	0.084	0.086	600 Read#13
B	0.087	0.171	0.158	0.147	0.145	0.122	0.111	0.097	0.088	0.085	0.086	0.085	600 Read#13
C	0.119	0.188	0.205	1.186	0.161	0.145	0.118	0.157	0.097	0.104	0.090	0.086	600 Read#13
D	0.188	0.221	0.228	1.177	0.197	0.166	0.097	0.198	0.116	0.120	0.121	0.087	600 Read#13
E	0.095	0.236	0.233	1.172	0.124	0.104	0.094	0.187	0.149	0.123	0.124	0.096	600 Read#13
F	0.089	0.203	0.174	1.159	0.142	0.114	0.100	0.199	0.146	0.109	0.127	0.086	600 Read#13
G	0.084	0.094	0.099	0.102	0.129	0.129	0.139	0.156	0.157	0.138	0.109	0.085	600 Read#13
H	0.087	0.084	0.084	0.086	0.087	0.086	0.087	0.085	0.087	0.085	0.084	0.084	600 Read#13

600
Kinetic read 14 (6:30:00)
	1	2	3	4	5	6	7	8	9	10	11	12
A	0.085	0.086	0.083	0.085	0.086	0.086	0.087	0.086	0.086	0.084	0.084	0.086	600 Read#14
B	0.088	0.179	0.167	0.154	0.153	0.129	0.118	0.101	0.088	0.085	0.086	0.085	600 Read#14
C	0.127	0.195	0.214	1.243	0.168	0.151	0.124	0.156	0.097	0.104	0.089	0.086	600 Read#14
D	0.199	0.228	0.235	1.231	0.205	0.167	0.097	0.202	0.119	0.119	0.125	0.087	600 Read#14
E	0.093	0.247	0.244	1.230	0.129	0.104	0.094	0.189	0.154	0.123	0.127	0.100	600 Read#14
F	0.088	0.211	0.181	1.214	0.148	0.116	0.102	0.201	0.149	0.108	0.129	0.086	600 Read#14
G	0.084	0.094	0.100	0.106	0.134	0.134	0.142	0.162	0.162	0.141	0.108	0.085	600 Read#14
H	0.087	0.084	0.084	0.086	0.087	0.087	0.087	0.085	0.087	0.085	0.084	0.084	600 Read#14

600
Kinetic read 15 (7:00:00)
	1	2	3	4	5	6	7	8	9	10	11	12
A	0.085	0.086	0.083	0.085	0.087	0.086	0.087	0.086	0.086	0.084	0.084	0.086	600 Read#15
B	0.105	0.189	0.175	0.162	0.161	0.137	0.124	0.105	0.088	0.085	0.086	0.085	600 Read#15
C	0.143	0.204	0.224	1.289	0.175	0.161	0.132	0.157	0.097	0.104	0.087	0.086	600 Read#15
D	0.215	0.239	0.246	1.273	0.213	0.169	0.098	0.206	0.122	0.119	0.134	0.087	600 Read#15
E	0.103	0.257	0.255	1.275	0.140	0.107	0.095	0.192	0.158	0.122	0.129	0.100	600 Read#15
F	0.089	0.222	0.190	1.256	0.157	0.121	0.104	0.203	0.152	0.107	0.130	0.086	600 Read#15
G	0.084	0.095	0.102	0.111	0.140	0.139	0.145	0.166	0.168	0.145	0.106	0.085	600 Read#15
H	0.087	0.084	0.085	0.086	0.087	0.087	0.087	0.085	0.087	0.085	0.084	0.084	600 Read#15

600
Kinetic read 16 (7:30:00)
	1	2	3	4	5	6	7	8	9	10	11	12
A	0.085	0.085	0.083	0.085	0.086	0.086	0.087	0.086	0.086	0.084	0.085	0.086	600 Read#16
B	0.116	0.190	0.182	0.169	0.169	0.143	0.129	0.105	0.088	0.085	0.086	0.085	600 Read#16
C	0.155	0.215	0.233	1.326	0.182	0.168	0.136	0.155	0.097	0.103	0.086	0.086	600 Read#16
D	0.229	0.245	0.253	1.308	0.222	0.170	0.098	0.209	0.122	0.117	0.140	0.087	600 Read#16
E	0.098	0.266	0.266	1.311	0.149	0.108	0.094	0.193	0.162	0.119	0.131	0.100	600 Read#16
F	0.088	0.231	0.196	1.292	0.162	0.122	0.104	0.205	0.154	0.106	0.131	0.086	600 Read#16
G	0.084	0.095	0.104	0.114	0.145	0.142	0.147	0.169	0.172	0.147	0.102	0.085	600 Read#16
H	0.087	0.084	0.084	0.086	0.087	0.087	0.086	0.085	0.087	0.085	0.084	0.084	600 Read#16

600
Kinetic read 17 (8:00:00)
	1	2	3	4	5	6	7	8	9	10	11	12
A	0.085	0.086	0.083	0.085	0.086	0.086	0.087	0.086	0.086	0.084	0.084	0.086	600 Read#17
B	0.117	0.198	0.189	0.175	0.175	0.149	0.133	0.107	0.088	0.085	0.086	0.085	600 Read#17
C	0.161	0.220	0.242	1.361	0.186	0.174	0.139	0.154	0.097	0.103	0.086	0.086	600 Read#17
D	0.237	0.242	0.260	1.342	0.228	0.170	0.098	0.212	0.123	0.114	0.144	0.087	600 Read#17
E	0.093	0.272	0.275	1.342	0.151	0.106	0.099	0.195	0.165	0.116	0.133	0.100	600 Read#17
F	0.089	0.238	0.201	1.323	0.165	0.123	0.104	0.207	0.156	0.105	0.130	0.086	600 Read#17
G	0.084	0.093	0.102	0.115	0.149	0.146	0.149	0.173	0.177	0.150	0.097	0.085	600 Read#17
H	0.087	0.084	0.085	0.086	0.087	0.086	0.087	0.085	0.087	0.085	0.084	0.085	600 Read#17

600
Kinetic read 18 (8:30:00)
	1	2	3	4	5	6	7	8	9	10	11	12
A	0.085	0.086	0.083	0.085	0.086	0.086	0.087	0.086	0.086	0.084	0.085	0.086	600 Read#18
B	0.117	0.204	0.196	0.181	0.181	0.154	0.138	0.112	0.088	0.085	0.086	0.085	600 Read#18
C	0.169	0.224	0.251	1.387	0.191	0.179	0.144	0.155	0.097	0.103	0.086	0.086	600 Read#18
D	0.243	0.246	0.268	1.365	0.231	0.169	0.098	0.216	0.124	0.111	0.148	0.087	600 Read#18
E	0.092	0.283	0.285	1.369	0.158	0.106	0.095	0.198	0.168	0.114	0.134	0.098	600 Read#18
F	0.089	0.244	0.206	1.347	0.169	0.125	0.106	0.211	0.158	0.105	0.130	0.086	600 Read#18
G	0.084	0.091	0.101	0.117	0.154	0.151	0.152	0.178	0.182	0.152	0.093	0.086	600 Read#18
H	0.087	0.084	0.085	0.086	0.088	0.087	0.087	0.085	0.087	0.085	0.084	0.084	600 Read#18

600
Kinetic read 19 (9:00:00)
	1	2	3	4	5	6	7	8	9	10	11	12
A	0.085	0.086	0.083	0.085	0.086	0.086	0.087	0.086	0.086	0.084	0.084	0.086	600 Read#19
B	0.119	0.210	0.204	0.188	0.187	0.159	0.143	0.116	0.088	0.085	0.086	0.085	600 Read#19
C	0.178	0.230	0.261	1.413	0.196	0.187	0.149	0.158	0.097	0.103	0.086	0.086	600 Read#19
D	0.253	0.242	0.265	1.389	0.240	0.167	0.098	0.222	0.125	0.109	0.147	0.087	600 Read#19
E	0.107	0.294	0.286	1.391	0.168	0.108	0.099	0.202	0.171	0.111	0.134	0.097	600 Read#19
F	0.102	0.251	0.214	1.372	0.175	0.129	0.108	0.215	0.160	0.104	0.128	0.086	600 Read#19
G	0.084	0.092	0.103	0.120	0.160	0.156	0.156	0.183	0.186	0.154	0.088	0.085	600 Read#19
H	0.087	0.084	0.085	0.086	0.087	0.087	0.087	0.085	0.087	0.085	0.084	0.084	600 Read#19

600
Kinetic read 20 (9:30:00)
	1	2	3	4	5	6	7	8	9	10	11	12
A	0.085	0.086	0.083	0.084	0.086	0.086	0.087	0.086	0.086	0.084	0.085	0.086	600 Read#20
B	0.131	0.216	0.209	0.193	0.191	0.164	0.147	0.118	0.088	0.085	0.086	0.085	600 Read#20
C	0.190	0.235	0.265	1.444	0.200	0.191	0.153	0.160	0.097	0.103	0.086	0.086	600 Read#20
D	0.263	0.250	0.269	1.412	0.245	0.165	0.099	0.228	0.126	0.109	0.147	0.087	600 Read#20
E	0.159	0.303	0.296	1.413	0.173	0.109	0.096	0.207	0.174	0.111	0.135	0.095	600 Read#20
F	0.149	0.256	0.219	1.403	0.178	0.129	0.107	0.218	0.161	0.105	0.128	0.086	600 Read#20
G	0.087	0.093	0.101	0.120	0.162	0.158	0.157	0.187	0.190	0.156	0.087	0.085	600 Read#20
H	0.087	0.084	0.085	0.086	0.087	0.087	0.087	0.086	0.087	0.085	0.084	0.084	600 Read#20

600
Kinetic read 21 (0:00:00)
	1	2	3	4	5	6	7	8	9	10	11	12
A													600 Read#21
B													600 Read#21
C													600 Read#21
D													600 Read#21
E													600 Read#21
F													600 Read#21
G													600 Read#21
H													600 Read#21

600
Kinetic read 22 (0:00:00)
	1	2	3	4	5	6	7	8	9	10	11	12
A													600 Read#22
B													600 Read#22
C													600 Read#22
D													600 Read#22
E													600 Read#22
F													600 Read#22
G													600 Read#22
H													600 Read#22

600
Kinetic read 23 (0:00:00)
	1	2	3	4	5	6	7	8	9	10	11	12
A													600 Read#23
B													600 Read#23
C													600 Read#23
D													600 Read#23
E													600 Read#23
F													600 Read#23
G													600 Read#23
H													600 Read#23

600
Kinetic read 24 (0:00:00)
	1	2	3	4	5	6	7	8	9	10	11	12
A													600 Read#24
B													600 Read#24
C													600 Read#24
D													600 Read#24
E													600 Read#24
F													600 Read#24
G													600 Read#24
H													600 Read#24

600
Kinetic read 25 (0:00:00)
	1	2	3	4	5	6	7	8	9	10	11	12
A													600 Read#25
B													600 Read#25
C													600 Read#25
D													600 Read#25
E													600 Read#25
F													600 Read#25
G													600 Read#25
H													600 Read#25

600
Kinetic read 26 (0:00:00)
	1	2	3	4	5	6	7	8	9	10	11	12
A													600 Read#26
B													600 Read#26
C													600 Read#26
D													600 Read#26
E													600 Read#26
F													600 Read#26
G													600 Read#26
H													600 Read#26

600
Kinetic read 27 (0:00:00)
	1	2	3	4	5	6	7	8	9	10	11	12
A													600 Read#27
B													600 Read#27
C													600 Read#27
D													600 Read#27
E													600 Read#27
F													600 Read#27
G													600 Read#27
H													600 Read#27

600
Kinetic read 28 (0:00:00)
	1	2	3	4	5	6	7	8	9	10	11	12
A													600 Read#28
B													600 Read#28
C													600 Read#28
D													600 Read#28
E													600 Read#28
F													600 Read#28
G													600 Read#28
H													600 Read#28

600
Kinetic read 29 (0:00:00)
	1	2	3	4	5	6	7	8	9	10	11	12
A													600 Read#29
B													600 Read#29
C													600 Read#29
D													600 Read#29
E													600 Read#29
F													600 Read#29
G													600 Read#29
H													600 Read#29

600
Kinetic read 30 (0:00:00)
	1	2	3	4	5	6	7	8	9	10	11	12
A													600 Read#30
B													600 Read#30
C													600 Read#30
D													600 Read#30
E													600 Read#30
F													600 Read#30
G													600 Read#30
H													600 Read#30

600
Kinetic read 31 (0:00:00)
	1	2	3	4	5	6	7	8	9	10	11	12
A													600 Read#31
B													600 Read#31
C													600 Read#31
D													600 Read#31
E													600 Read#31
F													600 Read#31
G													600 Read#31
H													600 Read#31

600
Kinetic read 32 (0:00:00)
	1	2	3	4	5	6	7	8	9	10	11	12
A													600 Read#32
B													600 Read#32
C													600 Read#32
D													600 Read#32
E													600 Read#32
F													600 Read#32
G													600 Read#32
H													600 Read#32

600
Kinetic read 33 (0:00:00)
	1	2	3	4	5	6	7	8	9	10	11	12
A													600 Read#33
B													600 Read#33
C													600 Read#33
D													600 Read#33
E													600 Read#33
F													600 Read#33
G													600 Read#33
H													600 Read#33

600
Kinetic read 34 (0:00:00)
	1	2	3	4	5	6	7	8	9	10	11	12
A													600 Read#34
B													600 Read#34
C													600 Read#34
D													600 Read#34
E													600 Read#34
F													600 Read#34
G													600 Read#34
H													600 Read#34

600
Kinetic read 35 (0:00:00)
	1	2	3	4	5	6	7	8	9	10	11	12
A													600 Read#35
B													600 Read#35
C													600 Read#35
D													600 Read#35
E													600 Read#35
F													600 Read#35
G													600 Read#35
H													600 Read#35

600
Kinetic read 36 (0:00:00)
	1	2	3	4	5	6	7	8	9	10	11	12
A													600 Read#36
B													600 Read#36
C													600 Read#36
D													600 Read#36
E													600 Read#36
F													600 Read#36
G													600 Read#36
H													600 Read#36

600
Kinetic read 37 (0:00:00)
	1	2	3	4	5	6	7	8	9	10	11	12
A													600 Read#37
B													600 Read#37
C													600 Read#37
D													600 Read#37
E													600 Read#37
F													600 Read#37
G													600 Read#37
H													600 Read#37

600
Kinetic read 38 (0:00:00)
	1	2	3	4	5	6	7	8	9	10	11	12
A													600 Read#38
B													600 Read#38
C													600 Read#38
D													600 Read#38
E													600 Read#38
F													600 Read#38
G													600 Read#38
H													600 Read#38

600
Kinetic read 39 (0:00:00)
	1	2	3	4	5	6	7	8	9	10	11	12
A													600 Read#39
B													600 Read#39
C													600 Read#39
D													600 Read#39
E													600 Read#39
F													600 Read#39
G													600 Read#39
H													600 Read#39

600
Kinetic read 40 (0:00:00)
	1	2	3	4	5	6	7	8	9	10	11	12
A													600 Read#40
B													600 Read#40
C													600 Read#40
D													600 Read#40
E													600 Read#40
F													600 Read#40
G													600 Read#40
H													600 Read#40

600
Kinetic read 41 (0:00:00)
	1	2	3	4	5	6	7	8	9	10	11	12
A													600 Read#41
B													600 Read#41
C													600 Read#41
D													600 Read#41
E													600 Read#41
F													600 Read#41
G													600 Read#41
H													600 Read#41

600
Kinetic read 42 (0:00:00)
	1	2	3	4	5	6	7	8	9	10	11	12
A													600 Read#42
B													600 Read#42
C													600 Read#42
D													600 Read#42
E													600 Read#42
F													600 Read#42
G													600 Read#42
H													600 Read#42

600
Kinetic read 43 (0:00:00)
	1	2	3	4	5	6	7	8	9	10	11	12
A													600 Read#43
B													600 Read#43
C													600 Read#43
D													600 Read#43
E													600 Read#43
F													600 Read#43
G													600 Read#43
H													600 Read#43

600
Kinetic read 44 (0:00:00)
	1	2	3	4	5	6	7	8	9	10	11	12
A													600 Read#44
B													600 Read#44
C													600 Read#44
D													600 Read#44
E													600 Read#44
F													600 Read#44
G													600 Read#44
H													600 Read#44

600
Kinetic read 45 (0:00:00)
	1	2	3	4	5	6	7	8	9	10	11	12
A													600 Read#45
B													600 Read#45
C													600 Read#45
D													600 Read#45
E													600 Read#45
F													600 Read#45
G													600 Read#45
H													600 Read#45

600
Kinetic read 46 (0:00:00)
	1	2	3	4	5	6	7	8	9	10	11	12
A													600 Read#46
B													600 Read#46
C													600 Read#46
D													600 Read#46
E													600 Read#46
F													600 Read#46
G													600 Read#46
H													600 Read#46

600
Kinetic read 47 (0:00:00)
	1	2	3	4	5	6	7	8	9	10	11	12
A													600 Read#47
B													600 Read#47
C													600 Read#47
D													600 Read#47
E													600 Read#47
F													600 Read#47
G													600 Read#47
H													600 Read#47

600
Kinetic read 48 (0:00:00)
	1	2	3	4	5	6	7	8	9	10	11	12
A													600 Read#48
B													600 Read#48
C													600 Read#48
D													600 Read#48
E													600 Read#48
F													600 Read#48
G													600 Read#48
H													600 Read#48

600
Kinetic read 49 (0:00:00)
	1	2	3	4	5	6	7	8	9	10	11	12
A													600 Read#49
B													600 Read#49
C													600 Read#49
D													600 Read#49
E													600 Read#49
F													600 Read#49
G													600 Read#49
H													600 Read#49

600

Kinetic read	A1	B1	C1	D1	E1	F1	G1	H1	A2	B2	C2	D2	E2	F2	G2	H2	A3	B3	C3	D3	E3	F3	G3	H3	A4	B4	C4	D4	E4	F4	G4	H4	A5	B5	C5	D5	E5	F5	G5	H5	A6	B6	C6	D6	E6	F6	G6	H6	A7	B7	C7	D7	E7	F7	G7	H7	A8	B8	C8	D8	E8	F8	G8	H8	A9	B9	C9	D9	E9	F9	G9	H9	A10	B10	C10	D10	E10	F10	G10	H10
0:00:00	0.085	0.086	0.085	0.086	0.086	0.085	0.084	0.087	0.085	0.086	0.086	0.086	0.086	0.086	0.085	0.083	0.083	0.085	0.097	0.096	0.096	0.096	0.086	0.084	0.084	0.086	0.121	0.123	0.123	0.121	0.086	0.085	0.086	0.085	0.095	0.095	0.095	0.096	0.085	0.086	0.086	0.086	0.126	0.126	0.116	0.119	0.087	0.086	0.087	0.087	0.095	0.095	0.093	0.104	0.086	0.086	0.086	0.084	0.120	0.121	0.119	0.119	0.084	0.085	0.085	0.087	0.096	0.095	0.101	0.095	0.086	0.087	0.084	0.085	0.118	0.120	0.119	0.120	0.085	0.085
0:30:00	0.085	0.086	0.085	0.086	0.085	0.085	0.084	0.087	0.085	0.086	0.086	0.086	0.086	0.086	0.085	0.084	0.083	0.085	0.097	0.097	0.096	0.096	0.084	0.084	0.084	0.086	0.136	0.139	0.139	0.136	0.086	0.085	0.086	0.085	0.095	0.095	0.095	0.096	0.085	0.086	0.086	0.087	0.122	0.135	0.114	0.117	0.087	0.086	0.087	0.087	0.095	0.095	0.093	0.101	0.086	0.087	0.086	0.085	0.134	0.134	0.133	0.133	0.084	0.085	0.085	0.087	0.096	0.096	0.100	0.096	0.086	0.087	0.083	0.085	0.117	0.118	0.116	0.117	0.085	0.085
1:00:00	0.085	0.086	0.085	0.086	0.085	0.085	0.084	0.087	0.085	0.086	0.092	0.103	0.095	0.086	0.085	0.083	0.083	0.084	0.097	0.105	0.100	0.096	0.084	0.084	0.084	0.086	0.164	0.168	0.168	0.164	0.087	0.085	0.086	0.084	0.095	0.096	0.095	0.097	0.087	0.086	0.086	0.086	0.116	0.134	0.110	0.113	0.088	0.086	0.086	0.087	0.095	0.095	0.093	0.097	0.087	0.086	0.086	0.084	0.147	0.148	0.147	0.147	0.085	0.085	0.085	0.087	0.096	0.095	0.096	0.095	0.086	0.086	0.084	0.085	0.112	0.114	0.113	0.113	0.085	0.084
1:30:00	0.085	0.086	0.086	0.087	0.086	0.085	0.084	0.087	0.085	0.086	0.095	0.114	0.104	0.086	0.085	0.083	0.083	0.085	0.098	0.120	0.113	0.096	0.085	0.084	0.084	0.086	0.209	0.224	0.227	0.208	0.088	0.085	0.086	0.085	0.095	0.098	0.097	0.098	0.088	0.086	0.086	0.086	0.113	0.139	0.108	0.113	0.090	0.086	0.087	0.087	0.095	0.095	0.095	0.096	0.090	0.086	0.086	0.084	0.162	0.163	0.163	0.163	0.091	0.085	0.085	0.088	0.096	0.096	0.097	0.097	0.092	0.087	0.084	0.085	0.110	0.112	0.111	0.111	0.089	0.085
2:00:00	0.085	0.086	0.086	0.088	0.086	0.085	0.084	0.087	0.085	0.087	0.108	0.130	0.119	0.104	0.086	0.084	0.083	0.085	0.115	0.137	0.130	0.105	0.086	0.084	0.084	0.086	0.300	0.316	0.316	0.296	0.088	0.085	0.086	0.085	0.096	0.114	0.100	0.101	0.092	0.086	0.086	0.087	0.112	0.143	0.107	0.112	0.096	0.086	0.087	0.087	0.095	0.096	0.093	0.096	0.100	0.087	0.086	0.084	0.173	0.176	0.175	0.180	0.103	0.085	0.086	0.087	0.096	0.096	0.098	0.104	0.104	0.087	0.084	0.085	0.109	0.111	0.110	0.111	0.099	0.085
2:30:00	0.085	0.086	0.087	0.100	0.092	0.088	0.084	0.087	0.085	0.098	0.122	0.147	0.136	0.124	0.086	0.084	0.083	0.093	0.129	0.151	0.146	0.118	0.088	0.084	0.084	0.088	0.402	0.414	0.418	0.394	0.089	0.085	0.086	0.085	0.102	0.128	0.099	0.108	0.099	0.086	0.086	0.087	0.110	0.146	0.107	0.111	0.103	0.086	0.087	0.087	0.095	0.095	0.094	0.096	0.109	0.086	0.086	0.084	0.177	0.181	0.182	0.194	0.114	0.085	0.085	0.087	0.096	0.096	0.104	0.112	0.114	0.087	0.084	0.085	0.108	0.110	0.109	0.110	0.106	0.085
3:00:00	0.085	0.086	0.094	0.127	0.108	0.097	0.084	0.087	0.085	0.110	0.133	0.162	0.153	0.139	0.087	0.084	0.083	0.104	0.141	0.164	0.160	0.127	0.088	0.084	0.084	0.097	0.540	0.553	0.555	0.525	0.088	0.085	0.086	0.086	0.109	0.137	0.100	0.109	0.101	0.086	0.086	0.087	0.110	0.149	0.106	0.110	0.106	0.086	0.087	0.087	0.096	0.095	0.094	0.097	0.115	0.086	0.086	0.084	0.177	0.183	0.186	0.199	0.122	0.085	0.086	0.087	0.096	0.096	0.111	0.118	0.122	0.087	0.084	0.085	0.107	0.110	0.109	0.109	0.112	0.085
3:30:00	0.085	0.086	0.098	0.147	0.111	0.099	0.084	0.087	0.085	0.122	0.143	0.171	0.170	0.155	0.092	0.084	0.083	0.115	0.154	0.176	0.173	0.135	0.092	0.084	0.084	0.106	0.697	0.701	0.700	0.679	0.090	0.085	0.086	0.096	0.119	0.149	0.102	0.114	0.106	0.086	0.086	0.087	0.110	0.153	0.106	0.110	0.110	0.086	0.087	0.087	0.095	0.096	0.093	0.097	0.121	0.086	0.086	0.084	0.174	0.184	0.187	0.201	0.129	0.085	0.086	0.087	0.096	0.097	0.118	0.124	0.129	0.087	0.084	0.085	0.107	0.109	0.108	0.109	0.117	0.085
4:00:00	0.085	0.086	0.099	0.158	0.106	0.093	0.084	0.087	0.085	0.133	0.152	0.184	0.187	0.165	0.092	0.084	0.083	0.125	0.165	0.187	0.186	0.144	0.093	0.084	0.084	0.114	0.837	0.840	0.833	0.816	0.092	0.085	0.086	0.105	0.128	0.159	0.104	0.119	0.110	0.086	0.086	0.089	0.111	0.156	0.105	0.109	0.114	0.086	0.087	0.087	0.096	0.096	0.093	0.097	0.125	0.086	0.086	0.084	0.169	0.185	0.186	0.201	0.136	0.085	0.085	0.087	0.096	0.097	0.124	0.128	0.135	0.087	0.084	0.085	0.106	0.108	0.107	0.108	0.122	0.085
4:30:00	0.085	0.086	0.101	0.165	0.103	0.092	0.084	0.087	0.086	0.142	0.162	0.197	0.203	0.176	0.093	0.084	0.083	0.134	0.175	0.198	0.198	0.152	0.094	0.085	0.084	0.124	0.947	0.947	0.936	0.924	0.092	0.085	0.086	0.116	0.136	0.169	0.110	0.123	0.114	0.086	0.086	0.098	0.118	0.158	0.105	0.109	0.117	0.086	0.087	0.088	0.097	0.096	0.093	0.098	0.130	0.087	0.086	0.085	0.164	0.188	0.185	0.199	0.141	0.085	0.085	0.088	0.097	0.099	0.131	0.133	0.141	0.087	0.084	0.085	0.106	0.109	0.110	0.108	0.127	0.085
5:00:00	0.085	0.086	0.105	0.174	0.101	0.091	0.084	0.087	0.085	0.153	0.172	0.204	0.214	0.187	0.095	0.084	0.083	0.143	0.186	0.210	0.208	0.160	0.096	0.085	0.084	0.132	1.036	1.036	1.023	1.012	0.093	0.086	0.086	0.128	0.145	0.180	0.112	0.128	0.116	0.086	0.086	0.107	0.129	0.161	0.105	0.109	0.119	0.086	0.087	0.099	0.106	0.096	0.099	0.098	0.132	0.087	0.086	0.092	0.162	0.192	0.185	0.197	0.146	0.085	0.085	0.088	0.097	0.107	0.137	0.136	0.146	0.087	0.084	0.085	0.105	0.115	0.116	0.108	0.130	0.085
5:30:00	0.085	0.087	0.113	0.182	0.099	0.088	0.084	0.087	0.085	0.163	0.181	0.214	0.225	0.197	0.096	0.084	0.083	0.151	0.196	0.221	0.221	0.169	0.100	0.084	0.084	0.140	1.119	1.115	1.102	1.095	0.100	0.086	0.086	0.137	0.154	0.188	0.120	0.136	0.123	0.086	0.086	0.115	0.139	0.164	0.105	0.112	0.124	0.087	0.087	0.105	0.113	0.096	0.094	0.099	0.136	0.087	0.086	0.094	0.160	0.195	0.185	0.197	0.151	0.085	0.085	0.087	0.097	0.113	0.143	0.142	0.151	0.087	0.084	0.085	0.105	0.118	0.120	0.110	0.134	0.085
6:00:00	0.085	0.087	0.119	0.188	0.095	0.089	0.084	0.087	0.085	0.171	0.188	0.221	0.236	0.203	0.094	0.084	0.083	0.158	0.205	0.228	0.233	0.174	0.099	0.084	0.084	0.147	1.186	1.177	1.172	1.159	0.102	0.086	0.086	0.145	0.161	0.197	0.124	0.142	0.129	0.087	0.086	0.122	0.145	0.166	0.104	0.114	0.129	0.086	0.087	0.111	0.118	0.097	0.094	0.100	0.139	0.087	0.086	0.097	0.157	0.198	0.187	0.199	0.156	0.085	0.085	0.088	0.097	0.116	0.149	0.146	0.157	0.087	0.084	0.085	0.104	0.120	0.123	0.109	0.138	0.085
6:30:00	0.085	0.088	0.127	0.199	0.093	0.088	0.084	0.087	0.086	0.179	0.195	0.228	0.247	0.211	0.094	0.084	0.083	0.167	0.214	0.235	0.244	0.181	0.100	0.084	0.085	0.154	1.243	1.231	1.230	1.214	0.106	0.086	0.086	0.153	0.168	0.205	0.129	0.148	0.134	0.087	0.086	0.129	0.151	0.167	0.104	0.116	0.134	0.087	0.087	0.118	0.124	0.097	0.094	0.102	0.142	0.087	0.086	0.101	0.156	0.202	0.189	0.201	0.162	0.085	0.086	0.088	0.097	0.119	0.154	0.149	0.162	0.087	0.084	0.085	0.104	0.119	0.123	0.108	0.141	0.085
7:00:00	0.085	0.105	0.143	0.215	0.103	0.089	0.084	0.087	0.086	0.189	0.204	0.239	0.257	0.222	0.095	0.084	0.083	0.175	0.224	0.246	0.255	0.190	0.102	0.085	0.085	0.162	1.289	1.273	1.275	1.256	0.111	0.086	0.087	0.161	0.175	0.213	0.140	0.157	0.140	0.087	0.086	0.137	0.161	0.169	0.107	0.121	0.139	0.087	0.087	0.124	0.132	0.098	0.095	0.104	0.145	0.087	0.086	0.105	0.157	0.206	0.192	0.203	0.166	0.085	0.086	0.088	0.097	0.122	0.158	0.152	0.168	0.087	0.084	0.085	0.104	0.119	0.122	0.107	0.145	0.085
7:30:00	0.085	0.116	0.155	0.229	0.098	0.088	0.084	0.087	0.085	0.190	0.215	0.245	0.266	0.231	0.095	0.084	0.083	0.182	0.233	0.253	0.266	0.196	0.104	0.084	0.085	0.169	1.326	1.308	1.311	1.292	0.114	0.086	0.086	0.169	0.182	0.222	0.149	0.162	0.145	0.087	0.086	0.143	0.168	0.170	0.108	0.122	0.142	0.087	0.087	0.129	0.136	0.098	0.094	0.104	0.147	0.086	0.086	0.105	0.155	0.209	0.193	0.205	0.169	0.085	0.086	0.088	0.097	0.122	0.162	0.154	0.172	0.087	0.084	0.085	0.103	0.117	0.119	0.106	0.147	0.085
8:00:00	0.085	0.117	0.161	0.237	0.093	0.089	0.084	0.087	0.086	0.198	0.220	0.242	0.272	0.238	0.093	0.084	0.083	0.189	0.242	0.260	0.275	0.201	0.102	0.085	0.085	0.175	1.361	1.342	1.342	1.323	0.115	0.086	0.086	0.175	0.186	0.228	0.151	0.165	0.149	0.087	0.086	0.149	0.174	0.170	0.106	0.123	0.146	0.086	0.087	0.133	0.139	0.098	0.099	0.104	0.149	0.087	0.086	0.107	0.154	0.212	0.195	0.207	0.173	0.085	0.086	0.088	0.097	0.123	0.165	0.156	0.177	0.087	0.084	0.085	0.103	0.114	0.116	0.105	0.150	0.085
8:30:00	0.085	0.117	0.169	0.243	0.092	0.089	0.084	0.087	0.086	0.204	0.224	0.246	0.283	0.244	0.091	0.084	0.083	0.196	0.251	0.268	0.285	0.206	0.101	0.085	0.085	0.181	1.387	1.365	1.369	1.347	0.117	0.086	0.086	0.181	0.191	0.231	0.158	0.169	0.154	0.088	0.086	0.154	0.179	0.169	0.106	0.125	0.151	0.087	0.087	0.138	0.144	0.098	0.095	0.106	0.152	0.087	0.086	0.112	0.155	0.216	0.198	0.211	0.178	0.085	0.086	0.088	0.097	0.124	0.168	0.158	0.182	0.087	0.084	0.085	0.103	0.111	0.114	0.105	0.152	0.085
9:00:00	0.085	0.119	0.178	0.253	0.107	0.102	0.084	0.087	0.086	0.210	0.230	0.242	0.294	0.251	0.092	0.084	0.083	0.204	0.261	0.265	0.286	0.214	0.103	0.085	0.085	0.188	1.413	1.389	1.391	1.372	0.120	0.086	0.086	0.187	0.196	0.240	0.168	0.175	0.160	0.087	0.086	0.159	0.187	0.167	0.108	0.129	0.156	0.087	0.087	0.143	0.149	0.098	0.099	0.108	0.156	0.087	0.086	0.116	0.158	0.222	0.202	0.215	0.183	0.085	0.086	0.088	0.097	0.125	0.171	0.160	0.186	0.087	0.084	0.085	0.103	0.109	0.111	0.104	0.154	0.085
9:30:00	0.085	0.131	0.190	0.263	0.159	0.149	0.087	0.087	0.086	0.216	0.235	0.250	0.303	0.256	0.093	0.084	0.083	0.209	0.265	0.269	0.296	0.219	0.101	0.085	0.084	0.193	1.444	1.412	1.413	1.403	0.120	0.086	0.086	0.191	0.200	0.245	0.173	0.178	0.162	0.087	0.086	0.164	0.191	0.165	0.109	0.129	0.158	0.087	0.087	0.147	0.153	0.099	0.096	0.107	0.157	0.087	0.086	0.118	0.160	0.228	0.207	0.218	0.187	0.086	0.086	0.088	0.097	0.126	0.174	0.161	0.190	0.087	0.084	0.085	0.103	0.109	0.111	0.105	0.156	0.085
0:00:00																																																																																
0:00:00																																																																																
0:00:00																																																																																
0:00:00																																																																																
0:00:00																																																																																
0:00:00																																																																																
0:00:00																																																																																
0:00:00																																																																																
0:00:00																																																																																
0:00:00																																																																																
0:00:00																																																																																
0:00:00																																																																																
0:00:00																																																																																
0:00:00																																																																																
0:00:00																																																																																
0:00:00																																																																																
0:00:00																																																																																
0:00:00																																																																																
0:00:00																																																																																
0:00:00																																																																																
0:00:00																																																																																
0:00:00																																																																																
0:00:00																																																																																
0:00:00																																																																																
0:00:00																																																																																
0:00:00																																																																																
0:00:00																																																																																
0:00:00																																																																																
0:00:00																																																																																

