600
Kinetic read 1 (0:00:00)
	1	2	3	4	5	6	7	8	9	10	11	12
A	0.085	0.083	0.082	0.085	0.084	0.085	0.086	0.085	0.085	0.084	0.083	0.083	600 Read#1
B	0.084	0.084	0.083	0.086	0.083	0.085	0.086	0.085	0.084	0.084	0.084	0.084	600 Read#1
C	0.084	0.085	0.096	0.136	0.115	0.164	0.096	0.127	0.208	0.208	0.085	0.085	600 Read#1
D	0.085	0.086	0.093	0.138	0.118	0.161	0.094	0.130	0.196	0.229	0.085	0.085	600 Read#1
E	0.084	0.085	0.097	0.137	0.140	0.167	0.093	0.128	0.171	0.240	0.086	0.085	600 Read#1
F	0.083	0.082	0.095	0.137	0.156	0.223	0.094	0.126	0.194	0.201	0.086	0.085	600 Read#1
G	0.082	0.084	0.083	0.086	0.083	0.085	0.086	0.083	0.085	0.084	0.085	0.085	600 Read#1
H	0.085	0.083	0.084	0.084	0.085	0.087	0.086	0.085	0.085	0.083	0.083	0.085	600 Read#1

600
Kinetic read 2 (0:30:00)
	1	2	3	4	5	6	7	8	9	10	11	12
A	0.085	0.083	0.082	0.085	0.084	0.086	0.086	0.085	0.085	0.084	0.084	0.084	600 Read#2
B	0.085	0.084	0.083	0.087	0.083	0.085	0.086	0.085	0.084	0.084	0.084	0.085	600 Read#2
C	0.085	0.086	0.096	0.164	0.138	0.174	0.097	0.129	0.203	0.190	0.085	0.085	600 Read#2
D	0.085	0.086	0.092	0.166	0.112	0.156	0.094	0.131	0.160	0.216	0.086	0.085	600 Read#2
E	0.084	0.085	0.097	0.165	0.127	0.166	0.093	0.129	0.168	0.208	0.086	0.086	600 Read#2
F	0.083	0.082	0.095	0.165	0.154	0.196	0.094	0.128	0.153	0.189	0.086	0.085	600 Read#2
G	0.083	0.084	0.083	0.086	0.083	0.086	0.086	0.084	0.085	0.084	0.086	0.085	600 Read#2
H	0.086	0.083	0.084	0.085	0.085	0.087	0.086	0.085	0.085	0.083	0.083	0.085	600 Read#2

600
Kinetic read 3 (1:00:00)
	1	2	3	4	5	6	7	8	9	10	11	12
A	0.085	0.083	0.082	0.085	0.084	0.085	0.086	0.085	0.085	0.084	0.084	0.083	600 Read#3
B	0.084	0.089	0.086	0.086	0.083	0.085	0.086	0.085	0.084	0.084	0.084	0.085	600 Read#3
C	0.088	0.108	0.105	0.210	0.132	0.166	0.097	0.128	0.181	0.185	0.085	0.085	600 Read#3
D	0.122	0.111	0.107	0.217	0.110	0.154	0.094	0.131	0.155	0.218	0.086	0.085	600 Read#3
E	0.117	0.115	0.109	0.208	0.123	0.163	0.093	0.127	0.153	0.211	0.086	0.085	600 Read#3
F	0.093	0.102	0.096	0.210	0.145	0.179	0.094	0.127	0.147	0.190	0.086	0.085	600 Read#3
G	0.083	0.085	0.084	0.087	0.084	0.087	0.086	0.084	0.085	0.084	0.085	0.085	600 Read#3
H	0.086	0.083	0.084	0.085	0.085	0.087	0.086	0.085	0.085	0.083	0.083	0.085	600 Read#3

600
Kinetic read 4 (1:30:00)
	1	2	3	4	5	6	7	8	9	10	11	12
A	0.085	0.083	0.083	0.085	0.084	0.086	0.086	0.086	0.085	0.084	0.084	0.083	600 Read#4
B	0.085	0.096	0.095	0.086	0.083	0.085	0.086	0.085	0.084	0.084	0.084	0.085	600 Read#4
C	0.086	0.130	0.119	0.298	0.127	0.160	0.097	0.127	0.180	0.191	0.085	0.085	600 Read#4
D	0.152	0.135	0.125	0.315	0.107	0.143	0.094	0.129	0.148	0.221	0.086	0.085	600 Read#4
E	0.145	0.142	0.127	0.293	0.123	0.170	0.093	0.123	0.163	0.229	0.086	0.086	600 Read#4
F	0.113	0.121	0.108	0.286	0.139	0.165	0.095	0.127	0.148	0.164	0.086	0.085	600 Read#4
G	0.083	0.087	0.085	0.089	0.085	0.088	0.088	0.086	0.087	0.085	0.085	0.085	600 Read#4
H	0.086	0.083	0.084	0.085	0.085	0.087	0.087	0.085	0.085	0.083	0.083	0.085	600 Read#4

600
Kinetic read 5 (2:00:00)
	1	2	3	4	5	6	7	8	9	10	11	12
A	0.085	0.084	0.083	0.086	0.084	0.086	0.086	0.086	0.086	0.084	0.084	0.083	600 Read#5
B	0.085	0.098	0.092	0.087	0.083	0.085	0.086	0.085	0.084	0.084	0.084	0.085	600 Read#5
C	0.085	0.141	0.127	0.383	0.123	0.159	0.096	0.127	0.168	0.222	0.085	0.085	600 Read#5
D	0.169	0.154	0.138	0.408	0.106	0.139	0.094	0.128	0.144	0.198	0.085	0.085	600 Read#5
E	0.142	0.164	0.142	0.384	0.124	0.220	0.093	0.123	0.141	0.259	0.086	0.086	600 Read#5
F	0.104	0.136	0.121	0.380	0.135	0.157	0.096	0.126	0.130	0.159	0.086	0.086	600 Read#5
G	0.083	0.095	0.085	0.090	0.087	0.089	0.095	0.099	0.096	0.084	0.085	0.085	600 Read#5
H	0.086	0.083	0.084	0.085	0.085	0.087	0.086	0.085	0.085	0.083	0.083	0.085	600 Read#5

600
Kinetic read 6 (2:30:00)
	1	2	3	4	5	6	7	8	9	10	11	12
A	0.085	0.084	0.083	0.086	0.085	0.086	0.086	0.086	0.086	0.084	0.084	0.084	600 Read#6
B	0.085	0.096	0.089	0.087	0.083	0.085	0.086	0.085	0.084	0.084	0.084	0.085	600 Read#6
C	0.085	0.151	0.135	0.509	0.122	0.151	0.097	0.125	0.168	0.171	0.085	0.085	600 Read#6
D	0.161	0.168	0.150	0.535	0.104	0.181	0.094	0.126	0.136	0.204	0.086	0.085	600 Read#6
E	0.095	0.181	0.154	0.516	0.125	0.191	0.093	0.119	0.134	0.245	0.086	0.086	600 Read#6
F	0.083	0.148	0.132	0.516	0.130	0.152	0.096	0.125	0.137	0.132	0.086	0.086	600 Read#6
G	0.083	0.093	0.090	0.103	0.100	0.104	0.108	0.111	0.095	0.084	0.086	0.086	600 Read#6
H	0.086	0.083	0.084	0.085	0.085	0.087	0.087	0.085	0.085	0.083	0.083	0.086	600 Read#6

600
Kinetic read 7 (3:00:00)
	1	2	3	4	5	6	7	8	9	10	11	12
A	0.086	0.084	0.083	0.086	0.085	0.086	0.086	0.086	0.086	0.084	0.084	0.084	600 Read#7
B	0.085	0.088	0.092	0.095	0.084	0.085	0.086	0.086	0.085	0.084	0.084	0.085	600 Read#7
C	0.085	0.159	0.143	0.654	0.119	0.158	0.097	0.122	0.154	0.172	0.085	0.086	600 Read#7
D	0.121	0.179	0.160	0.686	0.103	0.147	0.094	0.124	0.131	0.235	0.086	0.085	600 Read#7
E	0.085	0.194	0.164	0.665	0.124	0.216	0.093	0.117	0.154	0.256	0.086	0.086	600 Read#7
F	0.083	0.156	0.138	0.670	0.130	0.151	0.096	0.122	0.140	0.132	0.086	0.086	600 Read#7
G	0.083	0.085	0.086	0.109	0.110	0.114	0.118	0.118	0.086	0.085	0.086	0.086	600 Read#7
H	0.086	0.083	0.084	0.086	0.086	0.088	0.087	0.085	0.085	0.083	0.083	0.086	600 Read#7

600
Kinetic read 8 (3:30:00)
	1	2	3	4	5	6	7	8	9	10	11	12
A	0.086	0.084	0.083	0.086	0.085	0.086	0.086	0.086	0.086	0.084	0.084	0.084	600 Read#8
B	0.085	0.084	0.091	0.103	0.087	0.085	0.086	0.086	0.085	0.084	0.084	0.085	600 Read#8
C	0.085	0.162	0.147	0.765	0.118	0.166	0.097	0.119	0.148	0.167	0.085	0.086	600 Read#8
D	0.086	0.183	0.168	0.801	0.103	0.134	0.094	0.124	0.127	0.178	0.086	0.085	600 Read#8
E	0.085	0.202	0.170	0.775	0.123	0.142	0.093	0.116	0.139	0.281	0.086	0.086	600 Read#8
F	0.084	0.157	0.136	0.784	0.131	0.151	0.096	0.125	0.137	0.130	0.086	0.086	600 Read#8
G	0.083	0.085	0.084	0.109	0.119	0.125	0.127	0.120	0.085	0.085	0.086	0.086	600 Read#8
H	0.086	0.084	0.084	0.086	0.087	0.089	0.087	0.085	0.086	0.083	0.083	0.086	600 Read#8

600
Kinetic read 9 (4:00:00)
	1	2	3	4	5	6	7	8	9	10	11	12
A	0.086	0.084	0.083	0.086	0.085	0.086	0.086	0.086	0.086	0.084	0.084	0.084	600 Read#9
B	0.085	0.085	0.084	0.104	0.088	0.087	0.086	0.086	0.085	0.084	0.084	0.085	600 Read#9
C	0.085	0.155	0.141	0.857	0.117	0.177	0.097	0.125	0.133	0.187	0.085	0.086	600 Read#9
D	0.089	0.184	0.170	0.898	0.103	0.141	0.094	0.122	0.131	0.215	0.086	0.085	600 Read#9
E	0.085	0.202	0.171	0.870	0.122	0.146	0.093	0.115	0.140	0.301	0.086	0.086	600 Read#9
F	0.084	0.129	0.100	0.875	0.130	0.158	0.096	0.126	0.141	0.138	0.086	0.086	600 Read#9
G	0.084	0.085	0.083	0.096	0.124	0.134	0.133	0.120	0.085	0.085	0.086	0.086	600 Read#9
H	0.086	0.084	0.084	0.085	0.087	0.089	0.087	0.085	0.086	0.083	0.083	0.086	600 Read#9

600
Kinetic read 10 (4:30:00)
	1	2	3	4	5	6	7	8	9	10	11	12
A	0.088	0.084	0.083	0.086	0.085	0.086	0.086	0.086	0.086	0.084	0.084	0.084	600 Read#10
B	0.085	0.085	0.084	0.089	0.084	0.086	0.086	0.086	0.085	0.084	0.084	0.085	600 Read#10
C	0.085	0.086	0.097	0.932	0.116	0.221	0.097	0.122	0.148	0.182	0.085	0.085	600 Read#10
D	0.104	0.153	0.165	0.982	0.103	0.156	0.094	0.121	0.140	0.249	0.086	0.085	600 Read#10
E	0.085	0.168	0.150	0.951	0.121	0.159	0.093	0.114	0.142	0.303	0.086	0.086	600 Read#10
F	0.084	0.082	0.094	0.933	0.132	0.165	0.096	0.126	0.137	0.164	0.086	0.086	600 Read#10
G	0.084	0.085	0.083	0.088	0.125	0.140	0.141	0.121	0.086	0.085	0.086	0.086	600 Read#10
H	0.087	0.084	0.084	0.085	0.086	0.089	0.089	0.085	0.086	0.083	0.084	0.086	600 Read#10

600
Kinetic read 11 (5:00:00)
	1	2	3	4	5	6	7	8	9	10	11	12
A	0.087	0.084	0.083	0.086	0.085	0.086	0.086	0.086	0.086	0.084	0.084	0.084	600 Read#11
B	0.086	0.085	0.084	0.087	0.083	0.086	0.087	0.086	0.085	0.084	0.085	0.085	600 Read#11
C	0.086	0.086	0.097	0.973	0.115	0.276	0.097	0.120	0.143	0.177	0.085	0.086	600 Read#11
D	0.117	0.086	0.093	1.036	0.103	0.192	0.094	0.119	0.134	0.267	0.086	0.085	600 Read#11
E	0.085	0.085	0.098	1.004	0.121	0.189	0.093	0.113	0.137	0.329	0.086	0.088	600 Read#11
F	0.084	0.082	0.094	0.984	0.125	0.287	0.096	0.127	0.132	0.158	0.087	0.086	600 Read#11
G	0.084	0.085	0.083	0.087	0.113	0.144	0.147	0.125	0.086	0.085	0.086	0.086	600 Read#11
H	0.087	0.084	0.084	0.085	0.086	0.089	0.089	0.085	0.086	0.083	0.084	0.086	600 Read#11

600
Kinetic read 12 (5:30:00)
	1	2	3	4	5	6	7	8	9	10	11	12
A	0.087	0.084	0.083	0.086	0.085	0.086	0.086	0.086	0.086	0.084	0.084	0.084	600 Read#12
B	0.086	0.085	0.084	0.087	0.084	0.086	0.087	0.086	0.085	0.084	0.085	0.085	600 Read#12
C	0.086	0.086	0.097	1.030	0.116	0.336	0.097	0.122	0.137	0.188	0.085	0.086	600 Read#12
D	0.131	0.086	0.093	1.061	0.103	0.248	0.094	0.114	0.132	0.262	0.086	0.086	600 Read#12
E	0.086	0.085	0.098	1.042	0.119	0.250	0.093	0.111	0.165	0.337	0.086	0.093	600 Read#12
F	0.084	0.082	0.094	1.037	0.122	0.310	0.096	0.123	0.135	0.157	0.087	0.086	600 Read#12
G	0.084	0.085	0.083	0.087	0.087	0.147	0.151	0.119	0.085	0.085	0.086	0.086	600 Read#12
H	0.087	0.089	0.084	0.085	0.086	0.089	0.088	0.085	0.086	0.083	0.084	0.086	600 Read#12

600
Kinetic read 13 (6:00:00)
	1	2	3	4	5	6	7	8	9	10	11	12
A	0.086	0.084	0.083	0.086	0.085	0.086	0.086	0.086	0.086	0.084	0.084	0.084	600 Read#13
B	0.086	0.085	0.084	0.087	0.083	0.085	0.086	0.086	0.084	0.084	0.084	0.085	600 Read#13
C	0.086	0.086	0.096	1.070	0.116	0.438	0.097	0.121	0.146	0.177	0.085	0.086	600 Read#13
D	0.136	0.086	0.094	1.093	0.102	0.318	0.094	0.114	0.134	0.262	0.086	0.085	600 Read#13
E	0.085	0.086	0.098	1.079	0.118	0.306	0.093	0.110	0.151	0.153	0.086	0.102	600 Read#13
F	0.084	0.082	0.093	1.075	0.122	0.396	0.096	0.122	0.138	0.166	0.086	0.086	600 Read#13
G	0.084	0.085	0.083	0.086	0.085	0.147	0.153	0.097	0.085	0.085	0.086	0.086	600 Read#13
H	0.087	0.094	0.084	0.085	0.086	0.089	0.088	0.085	0.086	0.083	0.084	0.086	600 Read#13

600
Kinetic read 14 (6:30:00)
	1	2	3	4	5	6	7	8	9	10	11	12
A	0.086	0.084	0.083	0.086	0.085	0.086	0.086	0.086	0.086	0.085	0.085	0.084	600 Read#14
B	0.086	0.086	0.084	0.087	0.084	0.086	0.086	0.086	0.085	0.084	0.085	0.085	600 Read#14
C	0.086	0.086	0.097	1.106	0.115	0.477	0.097	0.125	0.135	0.180	0.086	0.086	600 Read#14
D	0.163	0.087	0.093	1.129	0.103	0.394	0.094	0.113	0.137	0.171	0.086	0.086	600 Read#14
E	0.086	0.087	0.098	1.115	0.118	0.393	0.093	0.110	0.134	0.164	0.086	0.123	600 Read#14
F	0.084	0.082	0.094	1.110	0.118	0.393	0.096	0.120	0.136	0.155	0.087	0.087	600 Read#14
G	0.084	0.085	0.083	0.086	0.085	0.145	0.154	0.087	0.086	0.087	0.086	0.086	600 Read#14
H	0.087	0.095	0.084	0.085	0.085	0.089	0.088	0.085	0.086	0.084	0.084	0.086	600 Read#14

600
Kinetic read 15 (7:00:00)
	1	2	3	4	5	6	7	8	9	10	11	12
A	0.087	0.084	0.083	0.086	0.085	0.086	0.086	0.086	0.086	0.085	0.084	0.084	600 Read#15
B	0.086	0.086	0.084	0.087	0.083	0.085	0.086	0.086	0.085	0.084	0.085	0.085	600 Read#15
C	0.086	0.086	0.097	1.131	0.115	0.556	0.097	0.119	0.135	0.172	0.086	0.086	600 Read#15
D	0.188	0.087	0.093	1.154	0.102	0.452	0.094	0.112	0.140	0.188	0.086	0.086	600 Read#15
E	0.085	0.087	0.098	1.140	0.117	0.436	0.093	0.109	0.142	0.159	0.087	0.144	600 Read#15
F	0.084	0.082	0.094	1.135	0.122	0.515	0.095	0.121	0.135	0.171	0.087	0.086	600 Read#15
G	0.084	0.086	0.083	0.086	0.084	0.127	0.154	0.086	0.085	0.090	0.086	0.086	600 Read#15
H	0.088	0.099	0.084	0.085	0.086	0.088	0.088	0.085	0.086	0.083	0.084	0.086	600 Read#15

600
Kinetic read 16 (7:30:00)
	1	2	3	4	5	6	7	8	9	10	11	12
A	0.087	0.085	0.083	0.086	0.085	0.086	0.087	0.086	0.086	0.085	0.085	0.084	600 Read#16
B	0.086	0.086	0.084	0.087	0.084	0.085	0.087	0.086	0.085	0.084	0.085	0.086	600 Read#16
C	0.087	0.087	0.097	1.154	0.115	0.613	0.097	0.118	0.137	0.142	0.086	0.086	600 Read#16
D	0.195	0.088	0.092	1.178	0.103	0.527	0.094	0.111	0.141	0.175	0.086	0.086	600 Read#16
E	0.086	0.090	0.098	1.163	0.117	0.483	0.094	0.109	0.139	0.158	0.089	0.177	600 Read#16
F	0.084	0.082	0.095	1.160	0.119	0.610	0.096	0.119	0.134	0.161	0.087	0.086	600 Read#16
G	0.084	0.086	0.084	0.086	0.084	0.091	0.155	0.087	0.086	0.097	0.086	0.086	600 Read#16
H	0.087	0.105	0.085	0.085	0.086	0.088	0.088	0.086	0.086	0.084	0.084	0.086	600 Read#16

600
Kinetic read 17 (8:00:00)
	1	2	3	4	5	6	7	8	9	10	11	12
A	0.089	0.085	0.084	0.086	0.085	0.087	0.087	0.086	0.086	0.085	0.085	0.085	600 Read#17
B	0.086	0.086	0.084	0.087	0.084	0.086	0.086	0.086	0.086	0.084	0.085	0.086	600 Read#17
C	0.087	0.087	0.097	1.177	0.116	0.659	0.097	0.117	0.135	0.145	0.086	0.086	600 Read#17
D	0.202	0.101	0.092	1.200	0.103	0.611	0.095	0.110	0.134	0.175	0.086	0.085	600 Read#17
E	0.086	0.093	0.099	1.186	0.117	0.556	0.094	0.108	0.139	0.156	0.092	0.198	600 Read#17
F	0.084	0.082	0.094	1.184	0.119	0.694	0.095	0.117	0.136	0.173	0.087	0.087	600 Read#17
G	0.084	0.086	0.083	0.087	0.084	0.089	0.154	0.087	0.086	0.118	0.087	0.086	600 Read#17
H	0.087	0.115	0.085	0.085	0.086	0.088	0.088	0.086	0.086	0.084	0.084	0.086	600 Read#17

600
Kinetic read 18 (8:30:00)
	1	2	3	4	5	6	7	8	9	10	11	12
A	0.086	0.085	0.083	0.086	0.085	0.087	0.086	0.086	0.086	0.085	0.085	0.085	600 Read#18
B	0.086	0.086	0.084	0.087	0.084	0.086	0.086	0.086	0.087	0.084	0.085	0.086	600 Read#18
C	0.087	0.087	0.098	1.201	0.118	0.700	0.097	0.115	0.133	0.154	0.086	0.086	600 Read#18
D	0.227	0.127	0.092	1.226	0.103	0.666	0.094	0.109	0.134	0.171	0.086	0.086	600 Read#18
E	0.086	0.105	0.100	1.210	0.117	0.606	0.094	0.108	0.137	0.157	0.096	0.125	600 Read#18
F	0.084	0.082	0.095	1.216	0.118	0.759	0.095	0.116	0.139	0.189	0.087	0.087	600 Read#18
G	0.084	0.086	0.083	0.086	0.084	0.088	0.154	0.087	0.086	0.112	0.086	0.086	600 Read#18
H	0.087	0.130	0.084	0.085	0.086	0.088	0.088	0.086	0.086	0.084	0.084	0.086	600 Read#18

600
Kinetic read 19 (9:00:00)
	1	2	3	4	5	6	7	8	9	10	11	12
A	0.092	0.085	0.083	0.086	0.085	0.087	0.086	0.086	0.086	0.085	0.085	0.085	600 Read#19
B	0.086	0.087	0.085	0.087	0.083	0.085	0.086	0.086	0.087	0.084	0.085	0.085	600 Read#19
C	0.087	0.090	0.099	1.218	0.117	0.739	0.097	0.114	0.136	0.151	0.086	0.086	600 Read#19
D	0.237	0.130	0.092	1.252	0.102	0.697	0.094	0.111	0.139	0.175	0.087	0.085	600 Read#19
E	0.085	0.122	0.102	1.233	0.126	0.645	0.094	0.107	0.145	0.159	0.097	0.153	600 Read#19
F	0.084	0.087	0.096	1.217	0.116	0.825	0.095	0.116	0.138	0.199	0.087	0.087	600 Read#19
G	0.084	0.086	0.083	0.086	0.084	0.088	0.152	0.087	0.086	0.125	0.086	0.086	600 Read#19
H	0.087	0.135	0.084	0.085	0.086	0.088	0.088	0.086	0.086	0.084	0.084	0.086	600 Read#19

600
Kinetic read 20 (9:30:00)
	1	2	3	4	5	6	7	8	9	10	11	12
A	0.088	0.085	0.083	0.086	0.085	0.087	0.087	0.086	0.086	0.085	0.085	0.085	600 Read#20
B	0.086	0.086	0.086	0.087	0.084	0.085	0.086	0.086	0.085	0.084	0.085	0.085	600 Read#20
C	0.087	0.090	0.101	1.211	0.118	0.783	0.097	0.113	0.133	0.168	0.086	0.086	600 Read#20
D	0.242	0.133	0.093	1.240	0.102	0.804	0.095	0.109	0.134	0.178	0.086	0.085	600 Read#20
E	0.086	0.157	0.105	1.224	0.135	0.702	0.094	0.108	0.144	0.153	0.096	0.159	600 Read#20
F	0.084	0.089	0.099	1.209	0.119	0.888	0.096	0.116	0.131	0.206	0.087	0.087	600 Read#20
G	0.084	0.086	0.083	0.086	0.084	0.088	0.149	0.087	0.087	0.138	0.087	0.086	600 Read#20
H	0.087	0.146	0.084	0.085	0.086	0.089	0.088	0.086	0.088	0.084	0.084	0.086	600 Read#20

600
Kinetic read 21 (10:00:00)
	1	2	3	4	5	6	7	8	9	10	11	12
A	0.094	0.085	0.083	0.086	0.085	0.087	0.087	0.086	0.086	0.085	0.085	0.085	600 Read#21
B	0.086	0.086	0.084	0.087	0.084	0.086	0.086	0.086	0.085	0.084	0.085	0.085	600 Read#21
C	0.088	0.090	0.106	1.205	0.116	0.834	0.097	0.113	0.137	0.149	0.086	0.086	600 Read#21
D	0.205	0.134	0.093	1.233	0.103	0.828	0.095	0.109	0.137	0.175	0.087	0.086	600 Read#21
E	0.086	0.173	0.113	1.216	0.135	0.754	0.094	0.107	0.149	0.156	0.097	0.225	600 Read#21
F	0.084	0.091	0.105	1.203	0.116	0.930	0.096	0.116	0.133	0.206	0.087	0.086	600 Read#21
G	0.084	0.086	0.084	0.087	0.084	0.088	0.142	0.088	0.087	0.176	0.088	0.086	600 Read#21
H	0.087	0.157	0.086	0.085	0.086	0.088	0.088	0.087	0.086	0.084	0.084	0.086	600 Read#21

600
Kinetic read 22 (10:30:00)
	1	2	3	4	5	6	7	8	9	10	11	12
A	0.100	0.085	0.084	0.086	0.085	0.086	0.087	0.087	0.086	0.085	0.085	0.085	600 Read#22
B	0.086	0.087	0.084	0.087	0.084	0.086	0.086	0.086	0.085	0.084	0.085	0.085	600 Read#22
C	0.088	0.092	0.116	1.202	0.116	0.881	0.097	0.113	0.134	0.163	0.086	0.086	600 Read#22
D	0.223	0.134	0.093	1.229	0.102	0.889	0.095	0.109	0.132	0.176	0.087	0.085	600 Read#22
E	0.086	0.190	0.127	1.210	0.137	0.832	0.094	0.107	0.154	0.164	0.097	0.264	600 Read#22
F	0.084	0.093	0.116	1.201	0.118	0.959	0.096	0.115	0.137	0.224	0.087	0.086	600 Read#22
G	0.084	0.086	0.084	0.087	0.084	0.088	0.129	0.088	0.087	0.207	0.088	0.086	600 Read#22
H	0.087	0.159	0.085	0.085	0.086	0.089	0.088	0.087	0.086	0.085	0.084	0.086	600 Read#22

600
Kinetic read 23 (11:00:00)
	1	2	3	4	5	6	7	8	9	10	11	12
A	0.103	0.085	0.083	0.086	0.085	0.087	0.087	0.087	0.086	0.085	0.085	0.085	600 Read#23
B	0.086	0.087	0.085	0.087	0.084	0.086	0.086	0.086	0.086	0.085	0.085	0.086	600 Read#23
C	0.087	0.101	0.137	1.201	0.116	0.929	0.097	0.113	0.134	0.173	0.086	0.086	600 Read#23
D	0.189	0.146	0.094	1.226	0.103	0.955	0.095	0.109	0.131	0.181	0.086	0.086	600 Read#23
E	0.086	0.208	0.155	1.207	0.139	0.906	0.094	0.107	0.166	0.151	0.098	0.231	600 Read#23
F	0.084	0.100	0.141	1.199	0.119	0.979	0.096	0.115	0.133	0.239	0.087	0.087	600 Read#23
G	0.084	0.087	0.084	0.087	0.085	0.088	0.110	0.088	0.091	0.177	0.088	0.086	600 Read#23
H	0.087	0.159	0.084	0.085	0.086	0.088	0.088	0.087	0.088	0.084	0.084	0.086	600 Read#23

600
Kinetic read 24 (11:30:00)
	1	2	3	4	5	6	7	8	9	10	11	12
A	0.103	0.085	0.083	0.086	0.085	0.087	0.087	0.087	0.086	0.085	0.085	0.085	600 Read#24
B	0.086	0.086	0.084	0.087	0.084	0.086	0.087	0.086	0.087	0.085	0.085	0.086	600 Read#24
C	0.087	0.104	0.176	1.200	0.116	0.957	0.097	0.114	0.136	0.206	0.086	0.086	600 Read#24
D	0.200	0.140	0.093	1.226	0.102	0.972	0.095	0.109	0.131	0.183	0.087	0.086	600 Read#24
E	0.086	0.210	0.206	1.206	0.142	0.950	0.094	0.107	0.165	0.157	0.098	0.206	600 Read#24
F	0.084	0.099	0.183	1.198	0.119	0.994	0.097	0.115	0.136	0.279	0.087	0.087	600 Read#24
G	0.084	0.087	0.084	0.087	0.085	0.088	0.096	0.088	0.087	0.189	0.088	0.086	600 Read#24
H	0.087	0.201	0.084	0.086	0.086	0.089	0.088	0.087	0.088	0.085	0.084	0.086	600 Read#24

600
Kinetic read 25 (12:00:00)
	1	2	3	4	5	6	7	8	9	10	11	12
A	0.101	0.085	0.083	0.086	0.085	0.087	0.087	0.087	0.086	0.085	0.085	0.085	600 Read#25
B	0.086	0.090	0.084	0.087	0.084	0.086	0.087	0.086	0.085	0.084	0.085	0.086	600 Read#25
C	0.087	0.123	0.244	1.201	0.113	0.982	0.097	0.114	0.133	0.256	0.086	0.086	600 Read#25
D	0.210	0.140	0.093	1.225	0.102	1.000	0.095	0.108	0.127	0.202	0.086	0.086	600 Read#25
E	0.087	0.226	0.279	1.206	0.142	0.975	0.094	0.107	0.158	0.157	0.102	0.221	600 Read#25
F	0.084	0.102	0.251	1.198	0.119	1.017	0.096	0.115	0.138	0.335	0.087	0.087	600 Read#25
G	0.084	0.087	0.085	0.086	0.084	0.089	0.090	0.088	0.090	0.173	0.088	0.086	600 Read#25
H	0.087	0.177	0.084	0.085	0.086	0.089	0.088	0.087	0.087	0.085	0.084	0.087	600 Read#25

600
Kinetic read 26 (12:30:00)
	1	2	3	4	5	6	7	8	9	10	11	12
A	0.107	0.085	0.083	0.086	0.085	0.087	0.087	0.087	0.086	0.085	0.085	0.085	600 Read#26
B	0.086	0.087	0.084	0.087	0.084	0.086	0.086	0.086	0.085	0.085	0.085	0.086	600 Read#26
C	0.087	0.140	0.338	1.204	0.115	1.002	0.097	0.115	0.133	0.300	0.086	0.086	600 Read#26
D	0.203	0.152	0.093	1.225	0.103	1.009	0.095	0.120	0.131	0.202	0.087	0.086	600 Read#26
E	0.086	0.218	0.382	1.206	0.143	1.015	0.095	0.107	0.173	0.164	0.104	0.289	600 Read#26
F	0.084	0.103	0.349	1.200	0.119	1.038	0.096	0.116	0.141	0.383	0.088	0.087	600 Read#26
G	0.084	0.088	0.084	0.087	0.084	0.088	0.089	0.088	0.092	0.173	0.088	0.086	600 Read#26
H	0.090	0.181	0.084	0.086	0.086	0.088	0.088	0.087	0.086	0.084	0.084	0.087	600 Read#26

600
Kinetic read 27 (13:00:00)
	1	2	3	4	5	6	7	8	9	10	11	12
A	0.103	0.085	0.084	0.086	0.085	0.087	0.087	0.087	0.086	0.085	0.085	0.085	600 Read#27
B	0.086	0.089	0.085	0.088	0.084	0.086	0.086	0.086	0.085	0.085	0.085	0.086	600 Read#27
C	0.088	0.145	0.448	1.205	0.114	1.020	0.097	0.118	0.133	0.372	0.086	0.086	600 Read#27
D	0.245	0.148	0.094	1.225	0.103	1.019	0.095	0.115	0.129	0.243	0.087	0.086	600 Read#27
E	0.086	0.221	0.508	1.206	0.143	0.998	0.094	0.108	0.151	0.154	0.105	0.234	600 Read#27
F	0.084	0.104	0.455	1.201	0.119	1.059	0.096	0.107	0.138	0.476	0.088	0.086	600 Read#27
G	0.084	0.088	0.092	0.088	0.085	0.089	0.089	0.089	0.087	0.189	0.089	0.086	600 Read#27
H	0.091	0.205	0.085	0.089	0.088	0.088	0.088	0.087	0.087	0.085	0.084	0.087	600 Read#27

600
Kinetic read 28 (13:30:00)
	1	2	3	4	5	6	7	8	9	10	11	12
A	0.097	0.085	0.084	0.086	0.085	0.087	0.087	0.087	0.086	0.085	0.085	0.085	600 Read#28
B	0.086	0.088	0.096	0.087	0.084	0.086	0.086	0.086	0.085	0.085	0.085	0.085	600 Read#28
C	0.089	0.166	0.593	1.206	0.114	1.043	0.097	0.125	0.130	0.446	0.086	0.086	600 Read#28
D	0.241	0.149	0.095	1.227	0.103	1.052	0.095	0.115	0.125	0.259	0.087	0.086	600 Read#28
E	0.087	0.244	0.654	1.207	0.142	1.016	0.094	0.109	0.167	0.156	0.105	0.289	600 Read#28
F	0.084	0.108	0.583	1.203	0.120	1.086	0.096	0.112	0.137	0.586	0.091	0.086	600 Read#28
G	0.084	0.090	0.091	0.093	0.085	0.088	0.089	0.087	0.092	0.146	0.088	0.086	600 Read#28
H	0.087	0.252	0.085	0.089	0.089	0.088	0.088	0.087	0.088	0.084	0.084	0.087	600 Read#28

600
Kinetic read 29 (14:00:00)
	1	2	3	4	5	6	7	8	9	10	11	12
A	0.092	0.088	0.083	0.086	0.085	0.087	0.087	0.087	0.086	0.085	0.085	0.085	600 Read#29
B	0.086	0.087	0.108	0.089	0.084	0.086	0.086	0.086	0.085	0.085	0.085	0.085	600 Read#29
C	0.091	0.181	0.719	1.207	0.114	1.078	0.106	0.144	0.134	0.562	0.086	0.086	600 Read#29
D	0.242	0.157	0.094	1.227	0.103	1.074	0.095	0.116	0.127	0.180	0.087	0.086	600 Read#29
E	0.087	0.271	0.764	1.209	0.140	1.038	0.095	0.112	0.170	0.144	0.105	0.300	600 Read#29
F	0.084	0.108	0.705	1.206	0.117	1.083	0.096	0.114	0.129	0.710	0.094	0.087	600 Read#29
G	0.084	0.090	0.089	0.095	0.086	0.091	0.089	0.088	0.090	0.158	0.088	0.086	600 Read#29
H	0.090	0.258	0.085	0.092	0.089	0.088	0.088	0.087	0.086	0.084	0.084	0.087	600 Read#29

600
Kinetic read 30 (14:30:00)
	1	2	3	4	5	6	7	8	9	10	11	12
A	0.089	0.085	0.083	0.086	0.085	0.087	0.087	0.087	0.086	0.085	0.085	0.085	600 Read#30
B	0.086	0.086	0.129	0.088	0.084	0.086	0.087	0.086	0.086	0.085	0.085	0.085	600 Read#30
C	0.090	0.188	0.817	1.208	0.114	1.078	0.097	0.180	0.133	0.599	0.086	0.086	600 Read#30
D	0.211	0.158	0.095	1.228	0.103	1.075	0.095	0.118	0.134	0.186	0.088	0.086	600 Read#30
E	0.086	0.290	0.858	1.209	0.142	1.061	0.095	0.120	0.156	0.151	0.106	0.257	600 Read#30
F	0.084	0.105	0.802	1.207	0.118	1.078	0.096	0.117	0.129	0.714	0.099	0.087	600 Read#30
G	0.084	0.095	0.089	0.102	0.084	0.088	0.088	0.088	0.099	0.178	0.088	0.086	600 Read#30
H	0.087	0.236	0.085	0.093	0.087	0.088	0.087	0.088	0.086	0.086	0.084	0.089	600 Read#30

600
Kinetic read 31 (15:00:00)
	1	2	3	4	5	6	7	8	9	10	11	12
A	0.095	0.085	0.084	0.087	0.085	0.087	0.087	0.087	0.086	0.085	0.085	0.085	600 Read#31
B	0.086	0.087	0.132	0.089	0.084	0.086	0.087	0.086	0.086	0.085	0.085	0.086	600 Read#31
C	0.097	0.207	0.897	1.210	0.114	1.072	0.097	0.241	0.132	0.675	0.086	0.086	600 Read#31
D	0.285	0.162	0.096	1.230	0.104	1.106	0.095	0.122	0.136	0.211	0.087	0.086	600 Read#31
E	0.088	0.282	0.923	1.211	0.144	1.095	0.095	0.140	0.169	0.164	0.110	0.312	600 Read#31
F	0.084	0.106	0.879	1.210	0.119	1.074	0.097	0.127	0.126	0.805	0.101	0.087	600 Read#31
G	0.084	0.096	0.092	0.108	0.085	0.088	0.089	0.088	0.098	0.174	0.090	0.086	600 Read#31
H	0.088	0.252	0.085	0.093	0.086	0.089	0.088	0.087	0.087	0.085	0.084	0.089	600 Read#31

600
Kinetic read 32 (15:30:00)
	1	2	3	4	5	6	7	8	9	10	11	12
A	0.108	0.087	0.084	0.087	0.085	0.087	0.087	0.087	0.086	0.085	0.085	0.085	600 Read#32
B	0.086	0.087	0.144	0.088	0.084	0.086	0.087	0.086	0.086	0.085	0.085	0.086	600 Read#32
C	0.095	0.188	0.971	1.212	0.113	1.066	0.097	0.316	0.132	0.757	0.086	0.086	600 Read#32
D	0.277	0.159	0.097	1.231	0.103	1.121	0.096	0.129	0.135	0.243	0.086	0.086	600 Read#32
E	0.087	0.259	0.990	1.213	0.139	1.102	0.095	0.177	0.181	0.162	0.110	0.259	600 Read#32
F	0.084	0.113	0.948	1.212	0.118	1.071	0.097	0.156	0.116	0.925	0.104	0.087	600 Read#32
G	0.084	0.097	0.093	0.109	0.085	0.088	0.089	0.088	0.096	0.191	0.088	0.086	600 Read#32
H	0.091	0.237	0.091	0.093	0.090	0.088	0.088	0.087	0.086	0.085	0.085	0.090	600 Read#32

600
Kinetic read 33 (16:00:00)
	1	2	3	4	5	6	7	8	9	10	11	12
A	0.113	0.085	0.084	0.087	0.085	0.087	0.087	0.087	0.086	0.085	0.085	0.085	600 Read#33
B	0.086	0.087	0.152	0.088	0.084	0.086	0.088	0.086	0.087	0.085	0.085	0.085	600 Read#33
C	0.098	0.227	1.032	1.213	0.115	1.061	0.098	0.438	0.150	0.816	0.086	0.086	600 Read#33
D	0.263	0.137	0.102	1.233	0.104	1.100	0.096	0.146	0.142	0.273	0.090	0.086	600 Read#33
E	0.090	0.274	1.048	1.215	0.143	1.095	0.095	0.231	0.165	0.160	0.112	0.302	600 Read#33
F	0.084	0.121	1.012	1.213	0.120	1.066	0.097	0.188	0.121	1.027	0.106	0.088	600 Read#33
G	0.084	0.097	0.093	0.113	0.085	0.093	0.091	0.089	0.097	0.183	0.088	0.086	600 Read#33
H	0.088	0.305	0.092	0.092	0.087	0.089	0.088	0.086	0.087	0.086	0.084	0.090	600 Read#33

600
Kinetic read 34 (16:30:00)
	1	2	3	4	5	6	7	8	9	10	11	12
A	0.108	0.089	0.084	0.086	0.085	0.087	0.087	0.087	0.086	0.085	0.085	0.085	600 Read#34
B	0.086	0.087	0.170	0.088	0.084	0.086	0.087	0.086	0.087	0.085	0.085	0.085	600 Read#34
C	0.103	0.228	1.090	1.215	0.113	1.063	0.097	0.579	0.128	0.845	0.086	0.086	600 Read#34
D	0.296	0.142	0.105	1.234	0.103	1.079	0.096	0.178	0.139	0.340	0.091	0.086	600 Read#34
E	0.091	0.198	1.101	1.216	0.140	1.091	0.095	0.321	0.158	0.169	0.112	0.320	600 Read#34
F	0.084	0.119	1.066	1.215	0.119	1.068	0.097	0.247	0.119	1.077	0.109	0.087	600 Read#34
G	0.084	0.099	0.095	0.112	0.088	0.091	0.098	0.090	0.095	0.203	0.090	0.086	600 Read#34
H	0.086	0.282	0.091	0.094	0.092	0.089	0.088	0.086	0.088	0.088	0.084	0.092	600 Read#34

600
Kinetic read 35 (17:00:00)
	1	2	3	4	5	6	7	8	9	10	11	12
A	0.115	0.088	0.083	0.087	0.085	0.087	0.087	0.087	0.086	0.085	0.085	0.085	600 Read#35
B	0.086	0.087	0.191	0.088	0.084	0.086	0.088	0.086	0.086	0.085	0.085	0.085	600 Read#35
C	0.104	0.235	1.141	1.216	0.116	1.142	0.097	0.680	0.129	0.876	0.086	0.086	600 Read#35
D	0.260	0.139	0.111	1.235	0.104	1.090	0.096	0.239	0.143	0.426	0.091	0.086	600 Read#35
E	0.090	0.263	1.153	1.218	0.140	1.089	0.095	0.450	0.166	0.198	0.121	0.259	600 Read#35
F	0.084	0.134	1.123	1.216	0.121	1.065	0.096	0.323	0.119	1.091	0.111	0.089	600 Read#35
G	0.083	0.100	0.101	0.119	0.085	0.088	0.095	0.086	0.093	0.195	0.091	0.086	600 Read#35
H	0.083	0.186	0.091	0.094	0.094	0.088	0.088	0.086	0.087	0.088	0.084	0.097	600 Read#35

600
Kinetic read 36 (0:00:00)
	1	2	3	4	5	6	7	8	9	10	11	12
A													600 Read#36
B													600 Read#36
C													600 Read#36
D													600 Read#36
E													600 Read#36
F													600 Read#36
G													600 Read#36
H													600 Read#36

600
Kinetic read 37 (0:00:00)
	1	2	3	4	5	6	7	8	9	10	11	12
A													600 Read#37
B													600 Read#37
C													600 Read#37
D													600 Read#37
E													600 Read#37
F													600 Read#37
G													600 Read#37
H													600 Read#37

600
Kinetic read 38 (0:00:00)
	1	2	3	4	5	6	7	8	9	10	11	12
A													600 Read#38
B													600 Read#38
C													600 Read#38
D													600 Read#38
E													600 Read#38
F													600 Read#38
G													600 Read#38
H													600 Read#38

600
Kinetic read 39 (0:00:00)
	1	2	3	4	5	6	7	8	9	10	11	12
A													600 Read#39
B													600 Read#39
C													600 Read#39
D													600 Read#39
E													600 Read#39
F													600 Read#39
G													600 Read#39
H													600 Read#39

600
Kinetic read 40 (0:00:00)
	1	2	3	4	5	6	7	8	9	10	11	12
A													600 Read#40
B													600 Read#40
C													600 Read#40
D													600 Read#40
E													600 Read#40
F													600 Read#40
G													600 Read#40
H													600 Read#40

600
Kinetic read 41 (0:00:00)
	1	2	3	4	5	6	7	8	9	10	11	12
A													600 Read#41
B													600 Read#41
C													600 Read#41
D													600 Read#41
E													600 Read#41
F													600 Read#41
G													600 Read#41
H													600 Read#41

600
Kinetic read 42 (0:00:00)
	1	2	3	4	5	6	7	8	9	10	11	12
A													600 Read#42
B													600 Read#42
C													600 Read#42
D													600 Read#42
E													600 Read#42
F													600 Read#42
G													600 Read#42
H													600 Read#42

600
Kinetic read 43 (0:00:00)
	1	2	3	4	5	6	7	8	9	10	11	12
A													600 Read#43
B													600 Read#43
C													600 Read#43
D													600 Read#43
E													600 Read#43
F													600 Read#43
G													600 Read#43
H													600 Read#43

600
Kinetic read 44 (0:00:00)
	1	2	3	4	5	6	7	8	9	10	11	12
A													600 Read#44
B													600 Read#44
C													600 Read#44
D													600 Read#44
E													600 Read#44
F													600 Read#44
G													600 Read#44
H													600 Read#44

600
Kinetic read 45 (0:00:00)
	1	2	3	4	5	6	7	8	9	10	11	12
A													600 Read#45
B													600 Read#45
C													600 Read#45
D													600 Read#45
E													600 Read#45
F													600 Read#45
G													600 Read#45
H													600 Read#45

600
Kinetic read 46 (0:00:00)
	1	2	3	4	5	6	7	8	9	10	11	12
A													600 Read#46
B													600 Read#46
C													600 Read#46
D													600 Read#46
E													600 Read#46
F													600 Read#46
G													600 Read#46
H													600 Read#46

600
Kinetic read 47 (0:00:00)
	1	2	3	4	5	6	7	8	9	10	11	12
A													600 Read#47
B													600 Read#47
C													600 Read#47
D													600 Read#47
E													600 Read#47
F													600 Read#47
G													600 Read#47
H													600 Read#47

600
Kinetic read 48 (0:00:00)
	1	2	3	4	5	6	7	8	9	10	11	12
A													600 Read#48
B													600 Read#48
C													600 Read#48
D													600 Read#48
E													600 Read#48
F													600 Read#48
G													600 Read#48
H													600 Read#48

600
Kinetic read 49 (0:00:00)
	1	2	3	4	5	6	7	8	9	10	11	12
A													600 Read#49
B													600 Read#49
C													600 Read#49
D													600 Read#49
E													600 Read#49
F													600 Read#49
G													600 Read#49
H													600 Read#49

600

Kinetic read	A1	B1	C1	D1	E1	F1	G1	H1	A2	B2	C2	D2	E2	F2	G2	H2	A3	B3	C3	D3	E3	F3	G3	H3	A4	B4	C4	D4	E4	F4	G4	H4	A5	B5	C5	D5	E5	F5	G5	H5	A6	B6	C6	D6	E6	F6	G6	H6	A7	B7	C7	D7	E7	F7	G7	H7	A8	B8	C8	D8	E8	F8	G8	H8	A9	B9	C9	D9	E9	F9	G9	H9	A10	B10	C10	D10	E10	F10	G10	H10
0:00:00	0.085	0.084	0.084	0.085	0.084	0.083	0.082	0.085	0.083	0.084	0.085	0.086	0.085	0.082	0.084	0.083	0.082	0.083	0.096	0.093	0.097	0.095	0.083	0.084	0.085	0.086	0.136	0.138	0.137	0.137	0.086	0.084	0.084	0.083	0.115	0.118	0.140	0.156	0.083	0.085	0.085	0.085	0.164	0.161	0.167	0.223	0.085	0.087	0.086	0.086	0.096	0.094	0.093	0.094	0.086	0.086	0.085	0.085	0.127	0.130	0.128	0.126	0.083	0.085	0.085	0.084	0.208	0.196	0.171	0.194	0.085	0.085	0.084	0.084	0.208	0.229	0.240	0.201	0.084	0.083
0:30:00	0.085	0.085	0.085	0.085	0.084	0.083	0.083	0.086	0.083	0.084	0.086	0.086	0.085	0.082	0.084	0.083	0.082	0.083	0.096	0.092	0.097	0.095	0.083	0.084	0.085	0.087	0.164	0.166	0.165	0.165	0.086	0.085	0.084	0.083	0.138	0.112	0.127	0.154	0.083	0.085	0.086	0.085	0.174	0.156	0.166	0.196	0.086	0.087	0.086	0.086	0.097	0.094	0.093	0.094	0.086	0.086	0.085	0.085	0.129	0.131	0.129	0.128	0.084	0.085	0.085	0.084	0.203	0.160	0.168	0.153	0.085	0.085	0.084	0.084	0.190	0.216	0.208	0.189	0.084	0.083
1:00:00	0.085	0.084	0.088	0.122	0.117	0.093	0.083	0.086	0.083	0.089	0.108	0.111	0.115	0.102	0.085	0.083	0.082	0.086	0.105	0.107	0.109	0.096	0.084	0.084	0.085	0.086	0.210	0.217	0.208	0.210	0.087	0.085	0.084	0.083	0.132	0.110	0.123	0.145	0.084	0.085	0.085	0.085	0.166	0.154	0.163	0.179	0.087	0.087	0.086	0.086	0.097	0.094	0.093	0.094	0.086	0.086	0.085	0.085	0.128	0.131	0.127	0.127	0.084	0.085	0.085	0.084	0.181	0.155	0.153	0.147	0.085	0.085	0.084	0.084	0.185	0.218	0.211	0.190	0.084	0.083
1:30:00	0.085	0.085	0.086	0.152	0.145	0.113	0.083	0.086	0.083	0.096	0.130	0.135	0.142	0.121	0.087	0.083	0.083	0.095	0.119	0.125	0.127	0.108	0.085	0.084	0.085	0.086	0.298	0.315	0.293	0.286	0.089	0.085	0.084	0.083	0.127	0.107	0.123	0.139	0.085	0.085	0.086	0.085	0.160	0.143	0.170	0.165	0.088	0.087	0.086	0.086	0.097	0.094	0.093	0.095	0.088	0.087	0.086	0.085	0.127	0.129	0.123	0.127	0.086	0.085	0.085	0.084	0.180	0.148	0.163	0.148	0.087	0.085	0.084	0.084	0.191	0.221	0.229	0.164	0.085	0.083
2:00:00	0.085	0.085	0.085	0.169	0.142	0.104	0.083	0.086	0.084	0.098	0.141	0.154	0.164	0.136	0.095	0.083	0.083	0.092	0.127	0.138	0.142	0.121	0.085	0.084	0.086	0.087	0.383	0.408	0.384	0.380	0.090	0.085	0.084	0.083	0.123	0.106	0.124	0.135	0.087	0.085	0.086	0.085	0.159	0.139	0.220	0.157	0.089	0.087	0.086	0.086	0.096	0.094	0.093	0.096	0.095	0.086	0.086	0.085	0.127	0.128	0.123	0.126	0.099	0.085	0.086	0.084	0.168	0.144	0.141	0.130	0.096	0.085	0.084	0.084	0.222	0.198	0.259	0.159	0.084	0.083
2:30:00	0.085	0.085	0.085	0.161	0.095	0.083	0.083	0.086	0.084	0.096	0.151	0.168	0.181	0.148	0.093	0.083	0.083	0.089	0.135	0.150	0.154	0.132	0.090	0.084	0.086	0.087	0.509	0.535	0.516	0.516	0.103	0.085	0.085	0.083	0.122	0.104	0.125	0.130	0.100	0.085	0.086	0.085	0.151	0.181	0.191	0.152	0.104	0.087	0.086	0.086	0.097	0.094	0.093	0.096	0.108	0.087	0.086	0.085	0.125	0.126	0.119	0.125	0.111	0.085	0.086	0.084	0.168	0.136	0.134	0.137	0.095	0.085	0.084	0.084	0.171	0.204	0.245	0.132	0.084	0.083
3:00:00	0.086	0.085	0.085	0.121	0.085	0.083	0.083	0.086	0.084	0.088	0.159	0.179	0.194	0.156	0.085	0.083	0.083	0.092	0.143	0.160	0.164	0.138	0.086	0.084	0.086	0.095	0.654	0.686	0.665	0.670	0.109	0.086	0.085	0.084	0.119	0.103	0.124	0.130	0.110	0.086	0.086	0.085	0.158	0.147	0.216	0.151	0.114	0.088	0.086	0.086	0.097	0.094	0.093	0.096	0.118	0.087	0.086	0.086	0.122	0.124	0.117	0.122	0.118	0.085	0.086	0.085	0.154	0.131	0.154	0.140	0.086	0.085	0.084	0.084	0.172	0.235	0.256	0.132	0.085	0.083
3:30:00	0.086	0.085	0.085	0.086	0.085	0.084	0.083	0.086	0.084	0.084	0.162	0.183	0.202	0.157	0.085	0.084	0.083	0.091	0.147	0.168	0.170	0.136	0.084	0.084	0.086	0.103	0.765	0.801	0.775	0.784	0.109	0.086	0.085	0.087	0.118	0.103	0.123	0.131	0.119	0.087	0.086	0.085	0.166	0.134	0.142	0.151	0.125	0.089	0.086	0.086	0.097	0.094	0.093	0.096	0.127	0.087	0.086	0.086	0.119	0.124	0.116	0.125	0.120	0.085	0.086	0.085	0.148	0.127	0.139	0.137	0.085	0.086	0.084	0.084	0.167	0.178	0.281	0.130	0.085	0.083
4:00:00	0.086	0.085	0.085	0.089	0.085	0.084	0.084	0.086	0.084	0.085	0.155	0.184	0.202	0.129	0.085	0.084	0.083	0.084	0.141	0.170	0.171	0.100	0.083	0.084	0.086	0.104	0.857	0.898	0.870	0.875	0.096	0.085	0.085	0.088	0.117	0.103	0.122	0.130	0.124	0.087	0.086	0.087	0.177	0.141	0.146	0.158	0.134	0.089	0.086	0.086	0.097	0.094	0.093	0.096	0.133	0.087	0.086	0.086	0.125	0.122	0.115	0.126	0.120	0.085	0.086	0.085	0.133	0.131	0.140	0.141	0.085	0.086	0.084	0.084	0.187	0.215	0.301	0.138	0.085	0.083
4:30:00	0.088	0.085	0.085	0.104	0.085	0.084	0.084	0.087	0.084	0.085	0.086	0.153	0.168	0.082	0.085	0.084	0.083	0.084	0.097	0.165	0.150	0.094	0.083	0.084	0.086	0.089	0.932	0.982	0.951	0.933	0.088	0.085	0.085	0.084	0.116	0.103	0.121	0.132	0.125	0.086	0.086	0.086	0.221	0.156	0.159	0.165	0.140	0.089	0.086	0.086	0.097	0.094	0.093	0.096	0.141	0.089	0.086	0.086	0.122	0.121	0.114	0.126	0.121	0.085	0.086	0.085	0.148	0.140	0.142	0.137	0.086	0.086	0.084	0.084	0.182	0.249	0.303	0.164	0.085	0.083
5:00:00	0.087	0.086	0.086	0.117	0.085	0.084	0.084	0.087	0.084	0.085	0.086	0.086	0.085	0.082	0.085	0.084	0.083	0.084	0.097	0.093	0.098	0.094	0.083	0.084	0.086	0.087	0.973	1.036	1.004	0.984	0.087	0.085	0.085	0.083	0.115	0.103	0.121	0.125	0.113	0.086	0.086	0.086	0.276	0.192	0.189	0.287	0.144	0.089	0.086	0.087	0.097	0.094	0.093	0.096	0.147	0.089	0.086	0.086	0.120	0.119	0.113	0.127	0.125	0.085	0.086	0.085	0.143	0.134	0.137	0.132	0.086	0.086	0.084	0.084	0.177	0.267	0.329	0.158	0.085	0.083
5:30:00	0.087	0.086	0.086	0.131	0.086	0.084	0.084	0.087	0.084	0.085	0.086	0.086	0.085	0.082	0.085	0.089	0.083	0.084	0.097	0.093	0.098	0.094	0.083	0.084	0.086	0.087	1.030	1.061	1.042	1.037	0.087	0.085	0.085	0.084	0.116	0.103	0.119	0.122	0.087	0.086	0.086	0.086	0.336	0.248	0.250	0.310	0.147	0.089	0.086	0.087	0.097	0.094	0.093	0.096	0.151	0.088	0.086	0.086	0.122	0.114	0.111	0.123	0.119	0.085	0.086	0.085	0.137	0.132	0.165	0.135	0.085	0.086	0.084	0.084	0.188	0.262	0.337	0.157	0.085	0.083
6:00:00	0.086	0.086	0.086	0.136	0.085	0.084	0.084	0.087	0.084	0.085	0.086	0.086	0.086	0.082	0.085	0.094	0.083	0.084	0.096	0.094	0.098	0.093	0.083	0.084	0.086	0.087	1.070	1.093	1.079	1.075	0.086	0.085	0.085	0.083	0.116	0.102	0.118	0.122	0.085	0.086	0.086	0.085	0.438	0.318	0.306	0.396	0.147	0.089	0.086	0.086	0.097	0.094	0.093	0.096	0.153	0.088	0.086	0.086	0.121	0.114	0.110	0.122	0.097	0.085	0.086	0.084	0.146	0.134	0.151	0.138	0.085	0.086	0.084	0.084	0.177	0.262	0.153	0.166	0.085	0.083
6:30:00	0.086	0.086	0.086	0.163	0.086	0.084	0.084	0.087	0.084	0.086	0.086	0.087	0.087	0.082	0.085	0.095	0.083	0.084	0.097	0.093	0.098	0.094	0.083	0.084	0.086	0.087	1.106	1.129	1.115	1.110	0.086	0.085	0.085	0.084	0.115	0.103	0.118	0.118	0.085	0.085	0.086	0.086	0.477	0.394	0.393	0.393	0.145	0.089	0.086	0.086	0.097	0.094	0.093	0.096	0.154	0.088	0.086	0.086	0.125	0.113	0.110	0.120	0.087	0.085	0.086	0.085	0.135	0.137	0.134	0.136	0.086	0.086	0.085	0.084	0.180	0.171	0.164	0.155	0.087	0.084
7:00:00	0.087	0.086	0.086	0.188	0.085	0.084	0.084	0.088	0.084	0.086	0.086	0.087	0.087	0.082	0.086	0.099	0.083	0.084	0.097	0.093	0.098	0.094	0.083	0.084	0.086	0.087	1.131	1.154	1.140	1.135	0.086	0.085	0.085	0.083	0.115	0.102	0.117	0.122	0.084	0.086	0.086	0.085	0.556	0.452	0.436	0.515	0.127	0.088	0.086	0.086	0.097	0.094	0.093	0.095	0.154	0.088	0.086	0.086	0.119	0.112	0.109	0.121	0.086	0.085	0.086	0.085	0.135	0.140	0.142	0.135	0.085	0.086	0.085	0.084	0.172	0.188	0.159	0.171	0.090	0.083
7:30:00	0.087	0.086	0.087	0.195	0.086	0.084	0.084	0.087	0.085	0.086	0.087	0.088	0.090	0.082	0.086	0.105	0.083	0.084	0.097	0.092	0.098	0.095	0.084	0.085	0.086	0.087	1.154	1.178	1.163	1.160	0.086	0.085	0.085	0.084	0.115	0.103	0.117	0.119	0.084	0.086	0.086	0.085	0.613	0.527	0.483	0.610	0.091	0.088	0.087	0.087	0.097	0.094	0.094	0.096	0.155	0.088	0.086	0.086	0.118	0.111	0.109	0.119	0.087	0.086	0.086	0.085	0.137	0.141	0.139	0.134	0.086	0.086	0.085	0.084	0.142	0.175	0.158	0.161	0.097	0.084
8:00:00	0.089	0.086	0.087	0.202	0.086	0.084	0.084	0.087	0.085	0.086	0.087	0.101	0.093	0.082	0.086	0.115	0.084	0.084	0.097	0.092	0.099	0.094	0.083	0.085	0.086	0.087	1.177	1.200	1.186	1.184	0.087	0.085	0.085	0.084	0.116	0.103	0.117	0.119	0.084	0.086	0.087	0.086	0.659	0.611	0.556	0.694	0.089	0.088	0.087	0.086	0.097	0.095	0.094	0.095	0.154	0.088	0.086	0.086	0.117	0.110	0.108	0.117	0.087	0.086	0.086	0.086	0.135	0.134	0.139	0.136	0.086	0.086	0.085	0.084	0.145	0.175	0.156	0.173	0.118	0.084
8:30:00	0.086	0.086	0.087	0.227	0.086	0.084	0.084	0.087	0.085	0.086	0.087	0.127	0.105	0.082	0.086	0.130	0.083	0.084	0.098	0.092	0.100	0.095	0.083	0.084	0.086	0.087	1.201	1.226	1.210	1.216	0.086	0.085	0.085	0.084	0.118	0.103	0.117	0.118	0.084	0.086	0.087	0.086	0.700	0.666	0.606	0.759	0.088	0.088	0.086	0.086	0.097	0.094	0.094	0.095	0.154	0.088	0.086	0.086	0.115	0.109	0.108	0.116	0.087	0.086	0.086	0.087	0.133	0.134	0.137	0.139	0.086	0.086	0.085	0.084	0.154	0.171	0.157	0.189	0.112	0.084
9:00:00	0.092	0.086	0.087	0.237	0.085	0.084	0.084	0.087	0.085	0.087	0.090	0.130	0.122	0.087	0.086	0.135	0.083	0.085	0.099	0.092	0.102	0.096	0.083	0.084	0.086	0.087	1.218	1.252	1.233	1.217	0.086	0.085	0.085	0.083	0.117	0.102	0.126	0.116	0.084	0.086	0.087	0.085	0.739	0.697	0.645	0.825	0.088	0.088	0.086	0.086	0.097	0.094	0.094	0.095	0.152	0.088	0.086	0.086	0.114	0.111	0.107	0.116	0.087	0.086	0.086	0.087	0.136	0.139	0.145	0.138	0.086	0.086	0.085	0.084	0.151	0.175	0.159	0.199	0.125	0.084
9:30:00	0.088	0.086	0.087	0.242	0.086	0.084	0.084	0.087	0.085	0.086	0.090	0.133	0.157	0.089	0.086	0.146	0.083	0.086	0.101	0.093	0.105	0.099	0.083	0.084	0.086	0.087	1.211	1.240	1.224	1.209	0.086	0.085	0.085	0.084	0.118	0.102	0.135	0.119	0.084	0.086	0.087	0.085	0.783	0.804	0.702	0.888	0.088	0.089	0.087	0.086	0.097	0.095	0.094	0.096	0.149	0.088	0.086	0.086	0.113	0.109	0.108	0.116	0.087	0.086	0.086	0.085	0.133	0.134	0.144	0.131	0.087	0.088	0.085	0.084	0.168	0.178	0.153	0.206	0.138	0.084
10:00:00	0.094	0.086	0.088	0.205	0.086	0.084	0.084	0.087	0.085	0.086	0.090	0.134	0.173	0.091	0.086	0.157	0.083	0.084	0.106	0.093	0.113	0.105	0.084	0.086	0.086	0.087	1.205	1.233	1.216	1.203	0.087	0.085	0.085	0.084	0.116	0.103	0.135	0.116	0.084	0.086	0.087	0.086	0.834	0.828	0.754	0.930	0.088	0.088	0.087	0.086	0.097	0.095	0.094	0.096	0.142	0.088	0.086	0.086	0.113	0.109	0.107	0.116	0.088	0.087	0.086	0.085	0.137	0.137	0.149	0.133	0.087	0.086	0.085	0.084	0.149	0.175	0.156	0.206	0.176	0.084
10:30:00	0.100	0.086	0.088	0.223	0.086	0.084	0.084	0.087	0.085	0.087	0.092	0.134	0.190	0.093	0.086	0.159	0.084	0.084	0.116	0.093	0.127	0.116	0.084	0.085	0.086	0.087	1.202	1.229	1.210	1.201	0.087	0.085	0.085	0.084	0.116	0.102	0.137	0.118	0.084	0.086	0.086	0.086	0.881	0.889	0.832	0.959	0.088	0.089	0.087	0.086	0.097	0.095	0.094	0.096	0.129	0.088	0.087	0.086	0.113	0.109	0.107	0.115	0.088	0.087	0.086	0.085	0.134	0.132	0.154	0.137	0.087	0.086	0.085	0.084	0.163	0.176	0.164	0.224	0.207	0.085
11:00:00	0.103	0.086	0.087	0.189	0.086	0.084	0.084	0.087	0.085	0.087	0.101	0.146	0.208	0.100	0.087	0.159	0.083	0.085	0.137	0.094	0.155	0.141	0.084	0.084	0.086	0.087	1.201	1.226	1.207	1.199	0.087	0.085	0.085	0.084	0.116	0.103	0.139	0.119	0.085	0.086	0.087	0.086	0.929	0.955	0.906	0.979	0.088	0.088	0.087	0.086	0.097	0.095	0.094	0.096	0.110	0.088	0.087	0.086	0.113	0.109	0.107	0.115	0.088	0.087	0.086	0.086	0.134	0.131	0.166	0.133	0.091	0.088	0.085	0.085	0.173	0.181	0.151	0.239	0.177	0.084
11:30:00	0.103	0.086	0.087	0.200	0.086	0.084	0.084	0.087	0.085	0.086	0.104	0.140	0.210	0.099	0.087	0.201	0.083	0.084	0.176	0.093	0.206	0.183	0.084	0.084	0.086	0.087	1.200	1.226	1.206	1.198	0.087	0.086	0.085	0.084	0.116	0.102	0.142	0.119	0.085	0.086	0.087	0.086	0.957	0.972	0.950	0.994	0.088	0.089	0.087	0.087	0.097	0.095	0.094	0.097	0.096	0.088	0.087	0.086	0.114	0.109	0.107	0.115	0.088	0.087	0.086	0.087	0.136	0.131	0.165	0.136	0.087	0.088	0.085	0.085	0.206	0.183	0.157	0.279	0.189	0.085
12:00:00	0.101	0.086	0.087	0.210	0.087	0.084	0.084	0.087	0.085	0.090	0.123	0.140	0.226	0.102	0.087	0.177	0.083	0.084	0.244	0.093	0.279	0.251	0.085	0.084	0.086	0.087	1.201	1.225	1.206	1.198	0.086	0.085	0.085	0.084	0.113	0.102	0.142	0.119	0.084	0.086	0.087	0.086	0.982	1.000	0.975	1.017	0.089	0.089	0.087	0.087	0.097	0.095	0.094	0.096	0.090	0.088	0.087	0.086	0.114	0.108	0.107	0.115	0.088	0.087	0.086	0.085	0.133	0.127	0.158	0.138	0.090	0.087	0.085	0.084	0.256	0.202	0.157	0.335	0.173	0.085
12:30:00	0.107	0.086	0.087	0.203	0.086	0.084	0.084	0.090	0.085	0.087	0.140	0.152	0.218	0.103	0.088	0.181	0.083	0.084	0.338	0.093	0.382	0.349	0.084	0.084	0.086	0.087	1.204	1.225	1.206	1.200	0.087	0.086	0.085	0.084	0.115	0.103	0.143	0.119	0.084	0.086	0.087	0.086	1.002	1.009	1.015	1.038	0.088	0.088	0.087	0.086	0.097	0.095	0.095	0.096	0.089	0.088	0.087	0.086	0.115	0.120	0.107	0.116	0.088	0.087	0.086	0.085	0.133	0.131	0.173	0.141	0.092	0.086	0.085	0.085	0.300	0.202	0.164	0.383	0.173	0.084
13:00:00	0.103	0.086	0.088	0.245	0.086	0.084	0.084	0.091	0.085	0.089	0.145	0.148	0.221	0.104	0.088	0.205	0.084	0.085	0.448	0.094	0.508	0.455	0.092	0.085	0.086	0.088	1.205	1.225	1.206	1.201	0.088	0.089	0.085	0.084	0.114	0.103	0.143	0.119	0.085	0.088	0.087	0.086	1.020	1.019	0.998	1.059	0.089	0.088	0.087	0.086	0.097	0.095	0.094	0.096	0.089	0.088	0.087	0.086	0.118	0.115	0.108	0.107	0.089	0.087	0.086	0.085	0.133	0.129	0.151	0.138	0.087	0.087	0.085	0.085	0.372	0.243	0.154	0.476	0.189	0.085
13:30:00	0.097	0.086	0.089	0.241	0.087	0.084	0.084	0.087	0.085	0.088	0.166	0.149	0.244	0.108	0.090	0.252	0.084	0.096	0.593	0.095	0.654	0.583	0.091	0.085	0.086	0.087	1.206	1.227	1.207	1.203	0.093	0.089	0.085	0.084	0.114	0.103	0.142	0.120	0.085	0.089	0.087	0.086	1.043	1.052	1.016	1.086	0.088	0.088	0.087	0.086	0.097	0.095	0.094	0.096	0.089	0.088	0.087	0.086	0.125	0.115	0.109	0.112	0.087	0.087	0.086	0.085	0.130	0.125	0.167	0.137	0.092	0.088	0.085	0.085	0.446	0.259	0.156	0.586	0.146	0.084
14:00:00	0.092	0.086	0.091	0.242	0.087	0.084	0.084	0.090	0.088	0.087	0.181	0.157	0.271	0.108	0.090	0.258	0.083	0.108	0.719	0.094	0.764	0.705	0.089	0.085	0.086	0.089	1.207	1.227	1.209	1.206	0.095	0.092	0.085	0.084	0.114	0.103	0.140	0.117	0.086	0.089	0.087	0.086	1.078	1.074	1.038	1.083	0.091	0.088	0.087	0.086	0.106	0.095	0.095	0.096	0.089	0.088	0.087	0.086	0.144	0.116	0.112	0.114	0.088	0.087	0.086	0.085	0.134	0.127	0.170	0.129	0.090	0.086	0.085	0.085	0.562	0.180	0.144	0.710	0.158	0.084
14:30:00	0.089	0.086	0.090	0.211	0.086	0.084	0.084	0.087	0.085	0.086	0.188	0.158	0.290	0.105	0.095	0.236	0.083	0.129	0.817	0.095	0.858	0.802	0.089	0.085	0.086	0.088	1.208	1.228	1.209	1.207	0.102	0.093	0.085	0.084	0.114	0.103	0.142	0.118	0.084	0.087	0.087	0.086	1.078	1.075	1.061	1.078	0.088	0.088	0.087	0.087	0.097	0.095	0.095	0.096	0.088	0.087	0.087	0.086	0.180	0.118	0.120	0.117	0.088	0.088	0.086	0.086	0.133	0.134	0.156	0.129	0.099	0.086	0.085	0.085	0.599	0.186	0.151	0.714	0.178	0.086
15:00:00	0.095	0.086	0.097	0.285	0.088	0.084	0.084	0.088	0.085	0.087	0.207	0.162	0.282	0.106	0.096	0.252	0.084	0.132	0.897	0.096	0.923	0.879	0.092	0.085	0.087	0.089	1.210	1.230	1.211	1.210	0.108	0.093	0.085	0.084	0.114	0.104	0.144	0.119	0.085	0.086	0.087	0.086	1.072	1.106	1.095	1.074	0.088	0.089	0.087	0.087	0.097	0.095	0.095	0.097	0.089	0.088	0.087	0.086	0.241	0.122	0.140	0.127	0.088	0.087	0.086	0.086	0.132	0.136	0.169	0.126	0.098	0.087	0.085	0.085	0.675	0.211	0.164	0.805	0.174	0.085
15:30:00	0.108	0.086	0.095	0.277	0.087	0.084	0.084	0.091	0.087	0.087	0.188	0.159	0.259	0.113	0.097	0.237	0.084	0.144	0.971	0.097	0.990	0.948	0.093	0.091	0.087	0.088	1.212	1.231	1.213	1.212	0.109	0.093	0.085	0.084	0.113	0.103	0.139	0.118	0.085	0.090	0.087	0.086	1.066	1.121	1.102	1.071	0.088	0.088	0.087	0.087	0.097	0.096	0.095	0.097	0.089	0.088	0.087	0.086	0.316	0.129	0.177	0.156	0.088	0.087	0.086	0.086	0.132	0.135	0.181	0.116	0.096	0.086	0.085	0.085	0.757	0.243	0.162	0.925	0.191	0.085
16:00:00	0.113	0.086	0.098	0.263	0.090	0.084	0.084	0.088	0.085	0.087	0.227	0.137	0.274	0.121	0.097	0.305	0.084	0.152	1.032	0.102	1.048	1.012	0.093	0.092	0.087	0.088	1.213	1.233	1.215	1.213	0.113	0.092	0.085	0.084	0.115	0.104	0.143	0.120	0.085	0.087	0.087	0.086	1.061	1.100	1.095	1.066	0.093	0.089	0.087	0.088	0.098	0.096	0.095	0.097	0.091	0.088	0.087	0.086	0.438	0.146	0.231	0.188	0.089	0.086	0.086	0.087	0.150	0.142	0.165	0.121	0.097	0.087	0.085	0.085	0.816	0.273	0.160	1.027	0.183	0.086
16:30:00	0.108	0.086	0.103	0.296	0.091	0.084	0.084	0.086	0.089	0.087	0.228	0.142	0.198	0.119	0.099	0.282	0.084	0.170	1.090	0.105	1.101	1.066	0.095	0.091	0.086	0.088	1.215	1.234	1.216	1.215	0.112	0.094	0.085	0.084	0.113	0.103	0.140	0.119	0.088	0.092	0.087	0.086	1.063	1.079	1.091	1.068	0.091	0.089	0.087	0.087	0.097	0.096	0.095	0.097	0.098	0.088	0.087	0.086	0.579	0.178	0.321	0.247	0.090	0.086	0.086	0.087	0.128	0.139	0.158	0.119	0.095	0.088	0.085	0.085	0.845	0.340	0.169	1.077	0.203	0.088
17:00:00	0.115	0.086	0.104	0.260	0.090	0.084	0.083	0.083	0.088	0.087	0.235	0.139	0.263	0.134	0.100	0.186	0.083	0.191	1.141	0.111	1.153	1.123	0.101	0.091	0.087	0.088	1.216	1.235	1.218	1.216	0.119	0.094	0.085	0.084	0.116	0.104	0.140	0.121	0.085	0.094	0.087	0.086	1.142	1.090	1.089	1.065	0.088	0.088	0.087	0.088	0.097	0.096	0.095	0.096	0.095	0.088	0.087	0.086	0.680	0.239	0.450	0.323	0.086	0.086	0.086	0.086	0.129	0.143	0.166	0.119	0.093	0.087	0.085	0.085	0.876	0.426	0.198	1.091	0.195	0.088
0:00:00																																																																																
0:00:00																																																																																
0:00:00																																																																																
0:00:00																																																																																
0:00:00																																																																																
0:00:00																																																																																
0:00:00																																																																																
0:00:00																																																																																
0:00:00																																																																																
0:00:00																																																																																
0:00:00																																																																																
0:00:00																																																																																
0:00:00																																																																																
0:00:00																																																																																

