600
Kinetic read 1 (0:00:00)
	1	2	3	4	5	6	7	8	9	10	11	12
A	0.296	0.085	0.084	0.085	0.084	0.085	0.088	0.085	0.085	0.082	0.084	0.085	600 Read#1
B	0.085	0.085	0.084	0.084	0.083	0.085	0.086	0.084	0.084	0.083	0.084	0.084	600 Read#1
C	0.085	0.085	0.098	0.193	0.097	0.168	0.096	0.187	0.095	0.172	0.085	0.087	600 Read#1
D	0.085	0.085	0.097	0.198	0.096	0.167	0.093	0.184	0.096	0.174	0.085	0.085	600 Read#1
E	0.087	0.084	0.097	0.195	0.096	0.168	0.093	0.185	0.096	0.173	0.089	0.089	600 Read#1
F	0.086	0.084	0.096	0.186	0.095	0.171	0.094	0.184	0.096	0.170	0.085	0.085	600 Read#1
G	0.083	1.354	0.095	0.088	0.085	0.086	0.085	0.086	0.084	0.085	0.086	0.083	600 Read#1
H	0.083	0.083	0.084	0.085	0.085	0.086	0.086	0.088	0.086	0.083	0.083	0.088	600 Read#1

600
Kinetic read 2 (0:30:00)
	1	2	3	4	5	6	7	8	9	10	11	12
A	0.339	0.085	0.085	0.085	0.084	0.085	0.088	0.085	0.085	0.082	0.084	0.086	600 Read#2
B	0.338	0.085	0.084	0.084	0.083	0.085	0.086	0.084	0.084	0.084	0.085	0.084	600 Read#2
C	0.086	0.085	0.098	0.255	0.096	0.154	0.096	0.245	0.095	0.158	0.084	0.090	600 Read#2
D	0.090	0.085	0.096	0.262	0.096	0.153	0.093	0.240	0.096	0.160	0.085	0.085	600 Read#2
E	0.089	0.084	0.096	0.258	0.096	0.153	0.093	0.242	0.096	0.158	0.088	0.090	600 Read#2
F	0.087	0.084	0.096	0.248	0.095	0.157	0.094	0.242	0.096	0.157	0.085	0.085	600 Read#2
G	0.084	1.018	0.114	0.088	0.085	0.086	0.085	0.084	0.083	0.085	0.086	0.084	600 Read#2
H	0.083	0.083	0.084	0.085	0.085	0.086	0.086	0.087	0.086	0.083	0.083	0.087	600 Read#2

600
Kinetic read 3 (1:00:00)
	1	2	3	4	5	6	7	8	9	10	11	12
A	0.403	0.085	0.085	0.085	0.085	0.085	0.088	0.085	0.085	0.082	0.084	0.086	600 Read#3
B	0.835	0.096	0.090	0.085	0.084	0.085	0.086	0.084	0.084	0.083	0.084	0.084	600 Read#3
C	0.304	0.097	0.104	0.342	0.096	0.138	0.096	0.321	0.095	0.142	0.085	0.091	600 Read#3
D	0.121	0.696	0.098	0.355	0.096	0.138	0.093	0.319	0.096	0.143	0.368	0.085	600 Read#3
E	0.107	0.090	0.097	0.347	0.096	0.137	0.093	0.315	0.096	0.142	0.087	0.100	600 Read#3
F	0.092	0.084	0.096	0.333	0.095	0.141	0.094	0.319	0.096	0.140	0.468	0.085	600 Read#3
G	0.084	0.088	0.091	0.087	0.086	0.087	0.087	0.085	0.084	0.086	0.086	0.084	600 Read#3
H	0.083	0.083	0.085	0.085	0.085	0.086	0.086	0.087	0.086	0.083	0.083	0.087	600 Read#3

600
Kinetic read 4 (1:30:00)
	1	2	3	4	5	6	7	8	9	10	11	12
A	0.469	0.085	0.085	0.085	0.085	0.085	0.088	0.085	0.086	0.083	0.084	0.086	600 Read#4
B	0.871	0.416	0.419	0.100	0.092	0.188	0.086	0.085	0.193	0.085	0.085	0.084	600 Read#4
C	0.791	1.325	0.124	0.454	0.104	0.130	0.096	0.391	0.095	0.132	0.087	0.103	600 Read#4
D	0.152	1.191	0.116	0.470	0.100	0.130	0.094	0.398	0.097	0.134	0.090	0.086	600 Read#4
E	0.131	0.124	0.107	0.440	0.097	0.129	0.094	0.389	0.097	0.133	0.092	0.104	600 Read#4
F	0.109	0.955	0.096	0.410	0.096	0.133	0.095	0.400	0.098	0.132	0.090	0.085	600 Read#4
G	0.084	0.089	0.092	0.087	0.087	0.088	0.356	0.094	0.090	0.089	0.350	0.084	600 Read#4
H	0.083	0.084	0.085	0.086	0.086	0.087	0.087	0.117	0.086	0.083	0.083	0.087	600 Read#4

600
Kinetic read 5 (2:00:00)
	1	2	3	4	5	6	7	8	9	10	11	12
A	0.459	0.085	0.085	0.086	0.085	0.085	0.088	0.085	0.086	0.083	0.085	0.086	600 Read#5
B	1.014	1.102	0.863	0.115	0.102	0.174	0.091	0.090	0.123	0.089	0.087	0.084	600 Read#5
C	0.879	1.316	0.143	0.606	0.117	0.131	0.100	0.480	0.100	0.129	0.094	0.095	600 Read#5
D	0.182	1.194	0.135	0.629	0.116	0.125	0.096	0.483	0.107	0.131	0.093	0.090	600 Read#5
E	0.154	0.149	0.124	0.593	0.103	0.125	0.095	0.470	0.110	0.136	0.097	0.112	600 Read#5
F	0.129	0.798	0.097	0.542	0.097	0.128	0.096	0.474	0.105	0.129	0.095	0.088	600 Read#5
G	0.092	0.096	0.095	0.088	0.496	0.097	0.096	0.103	0.100	0.100	0.091	0.084	600 Read#5
H	0.083	0.085	0.086	0.087	0.087	0.088	0.088	0.116	0.087	0.083	0.084	0.087	600 Read#5

600
Kinetic read 6 (2:30:00)
	1	2	3	4	5	6	7	8	9	10	11	12
A	0.424	0.085	0.085	0.086	0.085	0.085	0.089	0.085	0.086	0.083	0.084	0.086	600 Read#6
B	1.135	1.127	0.883	0.127	0.113	0.183	0.095	0.095	0.127	0.093	0.090	0.084	600 Read#6
C	0.156	1.342	0.159	0.735	0.129	0.135	0.106	0.549	0.105	0.129	0.099	0.099	600 Read#6
D	0.211	1.043	0.152	0.750	0.129	0.124	0.105	0.560	0.117	0.132	0.097	0.093	600 Read#6
E	0.173	0.171	0.140	0.714	0.112	0.124	0.095	0.548	0.121	0.140	0.102	0.120	600 Read#6
F	0.150	0.804	0.099	0.651	0.100	0.128	0.097	0.547	0.114	0.133	0.100	0.092	600 Read#6
G	0.103	0.106	0.097	0.089	0.097	0.326	0.102	0.111	0.109	0.110	0.094	0.084	600 Read#6
H	0.083	0.085	0.086	0.087	0.087	0.089	0.088	0.115	0.087	0.083	0.084	0.088	600 Read#6

600
Kinetic read 7 (3:00:00)
	1	2	3	4	5	6	7	8	9	10	11	12
A	0.350	0.085	0.085	0.086	0.085	0.085	0.089	0.085	0.086	0.083	0.084	0.086	600 Read#7
B	1.121	1.153	1.005	0.217	0.333	0.195	0.099	0.100	0.138	0.097	0.092	0.084	600 Read#7
C	0.179	1.333	0.174	0.858	0.138	0.139	0.112	0.595	0.110	0.130	0.103	0.104	600 Read#7
D	0.496	0.753	0.168	0.865	0.141	0.125	0.114	0.612	0.125	0.135	0.100	0.097	600 Read#7
E	0.193	0.186	0.155	0.824	0.122	0.125	0.096	0.598	0.130	0.143	0.105	0.127	600 Read#7
F	0.168	0.748	0.101	0.756	0.105	0.130	0.098	0.597	0.122	0.137	0.104	0.095	600 Read#7
G	0.430	0.116	0.100	0.090	0.101	0.112	0.107	0.118	0.117	0.254	0.097	0.084	600 Read#7
H	0.083	0.085	0.087	0.088	0.088	0.090	0.089	0.089	0.087	0.084	0.084	0.088	600 Read#7

600
Kinetic read 8 (3:30:00)
	1	2	3	4	5	6	7	8	9	10	11	12
A	0.113	0.085	0.087	0.086	0.085	0.086	0.089	0.086	0.086	0.083	0.085	0.086	600 Read#8
B	1.079	1.169	1.017	0.193	0.677	0.192	0.103	0.104	0.135	0.101	0.095	0.084	600 Read#8
C	0.198	1.325	0.188	0.961	0.148	0.144	0.118	0.632	0.114	0.132	0.108	0.107	600 Read#8
D	1.009	0.737	0.182	0.963	0.152	0.128	0.123	0.657	0.132	0.137	0.104	0.100	600 Read#8
E	0.210	0.198	0.168	0.922	0.130	0.128	0.096	0.642	0.139	0.147	0.109	0.133	600 Read#8
F	0.187	0.750	0.104	0.856	0.110	0.134	0.099	0.640	0.129	0.142	0.108	0.097	600 Read#8
G	0.529	0.124	0.102	0.091	0.105	0.116	0.113	0.124	0.124	0.120	0.099	0.084	600 Read#8
H	0.083	0.085	0.087	0.088	0.088	0.089	0.089	0.091	0.088	0.084	0.084	0.088	600 Read#8

600
Kinetic read 9 (4:00:00)
	1	2	3	4	5	6	7	8	9	10	11	12
A	0.162	0.088	0.091	0.086	0.085	0.086	0.089	0.086	0.086	0.083	0.085	0.086	600 Read#9
B	1.059	1.182	1.031	0.195	0.755	0.193	0.107	0.109	0.130	0.105	0.098	0.084	600 Read#9
C	0.212	1.342	0.201	1.033	0.157	0.150	0.123	0.669	0.118	0.134	0.112	0.111	600 Read#9
D	1.044	0.743	0.196	1.031	0.162	0.135	0.132	0.701	0.139	0.141	0.111	0.103	600 Read#9
E	0.221	0.208	0.180	0.989	0.138	0.134	0.100	0.685	0.147	0.151	0.112	0.139	600 Read#9
F	0.206	0.770	0.107	0.929	0.115	0.139	0.101	0.681	0.136	0.147	0.111	0.099	600 Read#9
G	0.545	0.133	0.104	0.093	0.110	0.121	0.119	0.131	0.356	0.124	0.102	0.084	600 Read#9
H	0.084	0.085	0.087	0.088	0.088	0.089	0.089	0.095	0.088	0.084	0.084	0.089	600 Read#9

600
Kinetic read 10 (4:30:00)
	1	2	3	4	5	6	7	8	9	10	11	12
A	0.162	0.088	0.094	0.086	0.085	0.086	0.089	0.086	0.086	0.083	0.085	0.086	600 Read#10
B	1.057	1.195	1.024	0.195	0.856	0.201	0.110	0.114	0.130	0.108	0.208	0.084	600 Read#10
C	0.222	1.324	0.212	1.091	0.164	0.154	0.128	0.702	0.121	0.136	0.115	0.116	600 Read#10
D	1.046	0.749	0.208	1.091	0.170	0.139	0.139	0.738	0.146	0.144	0.112	0.106	600 Read#10
E	0.233	0.219	0.189	1.049	0.144	0.138	0.103	0.723	0.154	0.155	0.115	0.146	600 Read#10
F	0.220	0.518	0.108	0.983	0.118	0.141	0.102	0.717	0.141	0.151	0.114	0.101	600 Read#10
G	0.632	0.138	0.104	0.093	0.114	0.127	0.125	0.135	0.139	0.127	0.104	0.084	600 Read#10
H	0.084	0.085	0.087	0.088	0.088	0.090	0.089	0.097	0.088	0.084	0.084	0.089	600 Read#10

600
Kinetic read 11 (5:00:00)
	1	2	3	4	5	6	7	8	9	10	11	12
A	0.161	0.089	0.097	0.086	0.085	0.086	0.089	0.086	0.086	0.083	0.085	0.086	600 Read#11
B	0.118	1.210	1.017	0.204	0.182	0.208	0.114	0.118	0.136	0.111	0.141	0.084	600 Read#11
C	0.230	0.896	0.222	1.135	0.171	0.158	0.132	0.737	0.124	0.138	0.119	0.119	600 Read#11
D	1.076	0.680	0.220	1.135	0.177	0.143	0.146	0.780	0.151	0.147	0.114	0.109	600 Read#11
E	0.246	0.222	0.198	1.092	0.150	0.142	0.106	0.762	0.160	0.158	0.118	0.151	600 Read#11
F	0.227	0.509	0.109	1.030	0.120	0.143	0.104	0.756	0.147	0.155	0.116	0.102	600 Read#11
G	0.641	0.144	0.104	0.094	0.119	0.131	0.130	0.139	0.140	0.131	0.106	0.084	600 Read#11
H	0.084	0.085	0.087	0.088	0.088	0.089	0.089	0.099	0.088	0.084	0.084	0.087	600 Read#11

600
Kinetic read 12 (5:30:00)
	1	2	3	4	5	6	7	8	9	10	11	12
A	0.175	0.091	0.101	0.087	0.086	0.086	0.089	0.086	0.086	0.084	0.085	0.086	600 Read#12
B	0.148	1.165	1.007	0.219	0.173	0.213	0.118	0.123	0.141	0.115	0.135	0.084	600 Read#12
C	0.238	0.783	0.231	1.177	0.178	0.162	0.137	0.778	0.127	0.141	0.122	0.121	600 Read#12
D	1.066	0.734	0.230	1.175	0.185	0.147	0.153	0.824	0.157	0.150	0.123	0.111	600 Read#12
E	0.254	0.224	0.204	1.133	0.157	0.146	0.111	0.804	0.167	0.162	0.121	0.158	600 Read#12
F	0.233	0.472	0.111	1.067	0.123	0.146	0.105	0.797	0.152	0.159	0.119	0.104	600 Read#12
G	0.600	0.149	0.105	0.095	0.127	0.136	0.134	0.145	0.143	0.134	0.108	0.084	600 Read#12
H	0.084	0.086	0.087	0.088	0.088	0.090	0.090	0.105	0.088	0.084	0.084	0.087	600 Read#12

600
Kinetic read 13 (6:00:00)
	1	2	3	4	5	6	7	8	9	10	11	12
A	0.188	0.094	0.105	0.087	0.086	0.086	0.089	0.086	0.086	0.083	0.085	0.087	600 Read#13
B	0.165	1.167	0.997	0.237	0.186	0.221	0.121	0.127	0.146	0.118	0.145	0.084	600 Read#13
C	0.243	0.763	0.240	1.206	0.186	0.167	0.141	0.821	0.131	0.143	0.125	0.124	600 Read#13
D	1.029	0.730	0.240	1.211	0.193	0.152	0.160	0.868	0.163	0.153	0.128	0.114	600 Read#13
E	0.271	0.235	0.212	1.166	0.164	0.152	0.116	0.847	0.173	0.166	0.123	0.164	600 Read#13
F	0.241	0.205	0.114	1.104	0.127	0.149	0.106	0.837	0.157	0.163	0.121	0.106	600 Read#13
G	0.595	0.155	0.107	0.096	0.130	0.140	0.137	0.148	0.147	0.137	0.110	0.084	600 Read#13
H	0.084	0.086	0.087	0.088	0.088	0.090	0.090	0.106	0.088	0.084	0.084	0.087	600 Read#13

600
Kinetic read 14 (6:30:00)
	1	2	3	4	5	6	7	8	9	10	11	12
A	0.196	0.097	0.110	0.087	0.086	0.086	0.089	0.086	0.086	0.084	0.085	0.087	600 Read#14
B	0.179	1.172	0.941	0.254	0.196	0.232	0.124	0.131	0.149	0.121	0.145	0.085	600 Read#14
C	0.250	0.771	0.248	1.234	0.192	0.171	0.145	0.864	0.134	0.145	0.128	0.127	600 Read#14
D	0.964	0.740	0.249	1.239	0.200	0.156	0.166	0.908	0.169	0.156	0.139	0.117	600 Read#14
E	0.277	0.243	0.218	1.190	0.170	0.156	0.120	0.888	0.179	0.170	0.126	0.170	600 Read#14
F	0.249	0.199	0.115	1.129	0.130	0.151	0.106	0.877	0.162	0.167	0.124	0.108	600 Read#14
G	0.586	0.160	0.106	0.096	0.133	0.144	0.140	0.151	0.150	0.140	0.112	0.085	600 Read#14
H	0.084	0.086	0.088	0.088	0.088	0.090	0.090	0.108	0.088	0.085	0.085	0.088	600 Read#14

600
Kinetic read 15 (7:00:00)
	1	2	3	4	5	6	7	8	9	10	11	12
A	0.199	0.099	0.113	0.087	0.086	0.086	0.089	0.086	0.086	0.083	0.085	0.086	600 Read#15
B	0.189	1.177	0.334	0.262	0.214	0.242	0.127	0.134	0.151	0.124	0.143	0.084	600 Read#15
C	0.259	0.769	0.255	1.263	0.197	0.175	0.149	0.903	0.137	0.147	0.131	0.130	600 Read#15
D	0.923	0.763	0.258	1.262	0.205	0.160	0.172	0.935	0.174	0.159	0.147	0.119	600 Read#15
E	0.292	0.254	0.224	1.219	0.172	0.159	0.124	0.918	0.185	0.173	0.128	0.175	600 Read#15
F	0.258	0.211	0.115	1.150	0.131	0.153	0.107	0.904	0.166	0.171	0.126	0.109	600 Read#15
G	0.548	0.162	0.106	0.096	0.136	0.147	0.143	0.154	0.152	0.143	0.113	0.084	600 Read#15
H	0.084	0.086	0.088	0.088	0.089	0.090	0.090	0.109	0.088	0.084	0.085	0.087	600 Read#15

600
Kinetic read 16 (7:30:00)
	1	2	3	4	5	6	7	8	9	10	11	12
A	0.202	0.101	0.117	0.087	0.086	0.086	0.089	0.086	0.086	0.083	0.085	0.087	600 Read#16
B	0.202	1.181	0.297	0.272	0.239	0.254	0.129	0.138	0.154	0.128	0.142	0.084	600 Read#16
C	0.268	0.784	0.263	1.291	0.203	0.178	0.153	0.928	0.140	0.150	0.133	0.133	600 Read#16
D	0.932	0.682	0.268	1.291	0.210	0.164	0.179	0.965	0.180	0.162	0.152	0.122	600 Read#16
E	0.306	0.259	0.231	1.250	0.177	0.164	0.129	0.946	0.190	0.176	0.130	0.181	600 Read#16
F	0.271	0.219	0.117	1.174	0.134	0.155	0.108	0.929	0.171	0.175	0.128	0.111	600 Read#16
G	0.716	0.168	0.107	0.097	0.139	0.151	0.146	0.157	0.155	0.146	0.115	0.084	600 Read#16
H	0.084	0.086	0.088	0.088	0.089	0.090	0.090	0.110	0.088	0.084	0.084	0.087	600 Read#16

600
Kinetic read 17 (8:00:00)
	1	2	3	4	5	6	7	8	9	10	11	12
A	0.204	0.105	0.120	0.088	0.086	0.086	0.089	0.086	0.087	0.084	0.085	0.087	600 Read#17
B	0.208	1.222	0.247	0.281	0.260	0.267	0.132	0.141	0.155	0.131	0.141	0.084	600 Read#17
C	0.278	0.796	0.269	1.278	0.207	0.182	0.157	0.957	0.143	0.152	0.136	0.136	600 Read#17
D	0.923	0.689	0.272	1.279	0.216	0.169	0.185	0.995	0.184	0.165	0.155	0.124	600 Read#17
E	0.312	0.267	0.238	1.239	0.183	0.169	0.134	0.976	0.196	0.181	0.133	0.188	600 Read#17
F	0.266	0.211	0.119	1.204	0.136	0.159	0.109	0.959	0.175	0.179	0.131	0.113	600 Read#17
G	0.689	0.173	0.108	0.097	0.142	0.155	0.148	0.160	0.158	0.149	0.116	0.085	600 Read#17
H	0.084	0.086	0.088	0.089	0.089	0.090	0.090	0.112	0.089	0.084	0.085	0.087	600 Read#17

600
Kinetic read 18 (8:30:00)
	1	2	3	4	5	6	7	8	9	10	11	12
A	0.207	0.107	0.123	0.088	0.086	0.086	0.089	0.086	0.086	0.084	0.085	0.087	600 Read#18
B	0.213	1.233	0.228	0.290	0.276	0.277	0.135	0.144	0.157	0.134	0.147	0.085	600 Read#18
C	0.262	0.799	0.276	1.269	0.213	0.185	0.161	0.987	0.146	0.154	0.139	0.139	600 Read#18
D	0.920	0.683	0.279	1.270	0.221	0.172	0.192	1.021	0.188	0.168	0.160	0.127	600 Read#18
E	0.321	0.278	0.243	1.226	0.186	0.173	0.139	1.004	0.201	0.184	0.135	0.193	600 Read#18
F	0.274	0.218	0.120	1.188	0.137	0.160	0.109	0.986	0.179	0.183	0.133	0.114	600 Read#18
G	0.658	0.175	0.108	0.097	0.144	0.158	0.151	0.163	0.161	0.153	0.118	0.085	600 Read#18
H	0.084	0.086	0.088	0.089	0.089	0.090	0.090	0.113	0.088	0.084	0.085	0.087	600 Read#18

600
Kinetic read 19 (9:00:00)
	1	2	3	4	5	6	7	8	9	10	11	12
A	0.217	0.109	0.125	0.088	0.086	0.086	0.089	0.086	0.087	0.084	0.085	0.087	600 Read#19
B	0.220	1.207	0.233	0.295	0.288	0.282	0.317	0.221	0.158	0.220	0.148	0.085	600 Read#19
C	0.276	0.806	0.272	1.265	0.218	0.188	0.165	1.017	0.149	0.156	0.142	0.142	600 Read#19
D	1.025	0.668	0.283	1.265	0.227	0.175	0.197	1.043	0.193	0.170	0.163	0.130	600 Read#19
E	0.328	0.287	0.250	1.220	0.190	0.176	0.144	1.029	0.206	0.187	0.136	0.200	600 Read#19
F	0.275	0.232	0.121	1.176	0.138	0.162	0.109	1.012	0.183	0.186	0.136	0.116	600 Read#19
G	0.653	0.180	0.108	0.097	0.147	0.161	0.154	0.165	0.164	0.155	0.120	0.085	600 Read#19
H	0.084	0.086	0.088	0.089	0.089	0.090	0.090	0.114	0.089	0.085	0.085	0.087	600 Read#19

600
Kinetic read 20 (9:30:00)
	1	2	3	4	5	6	7	8	9	10	11	12
A	0.212	0.111	0.129	0.088	0.086	0.086	0.089	0.086	0.087	0.084	0.085	0.087	600 Read#20
B	0.224	1.208	0.235	0.301	0.304	0.291	0.177	0.168	0.159	0.185	0.150	0.085	600 Read#20
C	0.286	0.822	0.279	1.261	0.223	0.192	0.168	1.033	0.151	0.159	0.145	0.145	600 Read#20
D	0.995	0.669	0.291	1.264	0.233	0.179	0.203	1.050	0.197	0.173	0.166	0.132	600 Read#20
E	0.307	0.275	0.255	1.221	0.193	0.179	0.148	1.052	0.211	0.190	0.139	0.206	600 Read#20
F	0.286	0.245	0.122	1.165	0.140	0.164	0.110	1.028	0.187	0.190	0.138	0.118	600 Read#20
G	0.595	0.186	0.109	0.098	0.150	0.164	0.158	0.168	0.167	0.158	0.122	0.085	600 Read#20
H	0.084	0.086	0.089	0.089	0.089	0.091	0.091	0.116	0.089	0.085	0.085	0.087	600 Read#20

600
Kinetic read 21 (10:00:00)
	1	2	3	4	5	6	7	8	9	10	11	12
A	0.213	0.114	0.131	0.088	0.086	0.086	0.089	0.087	0.087	0.084	0.085	0.087	600 Read#21
B	0.237	1.205	0.240	0.308	0.312	0.296	0.183	0.184	0.160	0.173	0.152	0.085	600 Read#21
C	0.298	0.828	0.285	1.261	0.228	0.196	0.172	1.038	0.154	0.161	0.147	0.148	600 Read#21
D	0.956	0.648	0.290	1.264	0.235	0.184	0.208	1.051	0.201	0.176	0.169	0.135	600 Read#21
E	0.292	0.273	0.261	1.223	0.197	0.183	0.153	1.058	0.214	0.193	0.141	0.212	600 Read#21
F	0.294	0.260	0.124	1.159	0.141	0.166	0.110	1.032	0.191	0.193	0.139	0.121	600 Read#21
G	0.571	0.190	0.109	0.098	0.153	0.168	0.160	0.171	0.170	0.161	0.124	0.085	600 Read#21
H	0.084	0.086	0.089	0.090	0.089	0.091	0.091	0.117	0.089	0.085	0.085	0.087	600 Read#21

600
Kinetic read 22 (10:30:00)
	1	2	3	4	5	6	7	8	9	10	11	12
A	0.220	0.117	0.133	0.088	0.086	0.086	0.089	0.087	0.087	0.084	0.085	0.087	600 Read#22
B	0.246	1.154	0.238	0.315	0.321	0.302	0.202	0.200	0.162	0.174	0.154	0.085	600 Read#22
C	0.290	0.857	0.290	1.262	0.233	0.198	0.174	1.043	0.156	0.162	0.150	0.150	600 Read#22
D	0.987	0.651	0.297	1.265	0.239	0.187	0.211	1.055	0.205	0.178	0.171	0.138	600 Read#22
E	0.286	0.277	0.266	1.225	0.201	0.186	0.157	1.059	0.217	0.197	0.143	0.218	600 Read#22
F	0.304	0.260	0.125	1.157	0.142	0.168	0.110	1.038	0.195	0.196	0.141	0.122	600 Read#22
G	0.576	0.191	0.109	0.098	0.155	0.171	0.163	0.173	0.173	0.164	0.125	0.085	600 Read#22
H	0.084	0.086	0.089	0.090	0.089	0.091	0.091	0.118	0.089	0.085	0.085	0.087	600 Read#22

600
Kinetic read 23 (11:00:00)
	1	2	3	4	5	6	7	8	9	10	11	12
A	0.222	0.119	0.136	0.088	0.086	0.086	0.089	0.087	0.087	0.084	0.085	0.087	600 Read#23
B	0.256	1.087	0.246	0.319	0.326	0.308	0.216	0.211	0.163	0.180	0.157	0.085	600 Read#23
C	0.297	0.850	0.294	1.264	0.237	0.201	0.177	1.051	0.158	0.164	0.153	0.152	600 Read#23
D	0.984	0.201	0.302	1.264	0.244	0.192	0.214	1.061	0.208	0.180	0.173	0.140	600 Read#23
E	0.292	0.285	0.272	1.228	0.204	0.190	0.161	1.062	0.221	0.199	0.144	0.224	600 Read#23
F	0.304	0.261	0.126	1.156	0.143	0.169	0.110	1.047	0.199	0.200	0.144	0.124	600 Read#23
G	0.558	0.195	0.109	0.098	0.159	0.174	0.164	0.175	0.176	0.167	0.127	0.085	600 Read#23
H	0.084	0.087	0.089	0.090	0.090	0.091	0.091	0.119	0.089	0.085	0.085	0.088	600 Read#23

600
Kinetic read 24 (11:30:00)
	1	2	3	4	5	6	7	8	9	10	11	12
A	0.228	0.124	0.140	0.088	0.086	0.086	0.089	0.087	0.087	0.084	0.085	0.087	600 Read#24
B	0.256	1.088	0.252	0.326	0.332	0.311	0.226	0.215	0.164	0.181	0.159	0.085	600 Read#24
C	0.300	0.853	0.299	1.266	0.242	0.204	0.180	1.062	0.160	0.166	0.155	0.154	600 Read#24
D	0.977	0.222	0.308	1.266	0.250	0.196	0.219	1.069	0.212	0.183	0.175	0.142	600 Read#24
E	0.306	0.278	0.278	1.231	0.208	0.194	0.165	1.068	0.224	0.202	0.146	0.227	600 Read#24
F	0.310	0.277	0.127	1.152	0.144	0.171	0.111	1.056	0.203	0.202	0.146	0.127	600 Read#24
G	0.537	0.196	0.110	0.098	0.162	0.177	0.167	0.178	0.179	0.169	0.128	0.085	600 Read#24
H	0.084	0.087	0.089	0.090	0.090	0.091	0.091	0.120	0.089	0.085	0.085	0.088	600 Read#24

600
Kinetic read 25 (12:00:00)
	1	2	3	4	5	6	7	8	9	10	11	12
A	0.222	0.128	0.143	0.088	0.086	0.087	0.089	0.087	0.087	0.084	0.085	0.087	600 Read#25
B	0.264	1.071	0.256	0.324	0.338	0.316	0.234	0.222	0.166	0.185	0.162	0.085	600 Read#25
C	0.321	0.853	0.305	1.267	0.246	0.208	0.183	1.074	0.163	0.168	0.157	0.157	600 Read#25
D	1.029	0.229	0.308	1.269	0.248	0.200	0.223	1.078	0.215	0.185	0.177	0.144	600 Read#25
E	0.315	0.275	0.284	1.234	0.210	0.197	0.168	1.076	0.228	0.205	0.148	0.233	600 Read#25
F	0.317	0.286	0.128	1.152	0.144	0.173	0.111	1.065	0.206	0.205	0.149	0.129	600 Read#25
G	0.523	0.199	0.110	0.098	0.164	0.180	0.169	0.180	0.183	0.173	0.130	0.085	600 Read#25
H	0.085	0.087	0.089	0.090	0.090	0.091	0.091	0.122	0.089	0.085	0.085	0.089	600 Read#25

600
Kinetic read 26 (12:30:00)
	1	2	3	4	5	6	7	8	9	10	11	12
A	0.236	0.132	0.145	0.088	0.086	0.087	0.089	0.087	0.087	0.084	0.085	0.087	600 Read#26
B	0.272	1.070	0.264	0.328	0.342	0.320	0.238	0.225	0.167	0.192	0.164	0.085	600 Read#26
C	0.328	0.845	0.309	1.271	0.250	0.210	0.185	1.084	0.165	0.171	0.160	0.158	600 Read#26
D	1.025	0.214	0.305	1.272	0.250	0.204	0.227	1.087	0.219	0.187	0.179	0.146	600 Read#26
E	0.327	0.289	0.286	1.233	0.213	0.201	0.173	1.085	0.231	0.208	0.149	0.237	600 Read#26
F	0.354	0.283	0.129	1.153	0.144	0.174	0.111	1.073	0.210	0.208	0.151	0.130	600 Read#26
G	0.508	0.200	0.109	0.098	0.166	0.183	0.171	0.182	0.185	0.175	0.132	0.085	600 Read#26
H	0.085	0.087	0.090	0.090	0.090	0.091	0.092	0.123	0.089	0.085	0.085	0.089	600 Read#26

600
Kinetic read 27 (13:00:00)
	1	2	3	4	5	6	7	8	9	10	11	12
A	0.195	0.135	0.148	0.088	0.086	0.086	0.089	0.087	0.087	0.084	0.085	0.087	600 Read#27
B	0.274	1.064	0.276	0.330	0.346	0.325	0.241	0.228	0.169	0.198	0.167	0.085	600 Read#27
C	0.333	0.838	0.313	1.274	0.254	0.213	0.186	1.094	0.166	0.172	0.162	0.159	600 Read#27
D	0.990	0.226	0.308	1.274	0.254	0.208	0.230	1.095	0.223	0.189	0.181	0.148	600 Read#27
E	0.333	0.295	0.291	1.234	0.216	0.205	0.177	1.093	0.235	0.211	0.150	0.242	600 Read#27
F	0.345	0.292	0.130	1.151	0.145	0.176	0.111	1.082	0.213	0.211	0.153	0.133	600 Read#27
G	0.491	0.203	0.109	0.098	0.170	0.184	0.173	0.185	0.186	0.177	0.133	0.085	600 Read#27
H	0.084	0.087	0.089	0.090	0.090	0.092	0.091	0.124	0.090	0.085	0.085	0.088	600 Read#27

600
Kinetic read 28 (13:30:00)
	1	2	3	4	5	6	7	8	9	10	11	12
A	0.200	0.139	0.151	0.088	0.086	0.087	0.089	0.087	0.087	0.084	0.085	0.087	600 Read#28
B	0.275	1.060	0.287	0.333	0.344	0.328	0.246	0.231	0.170	0.204	0.169	0.085	600 Read#28
C	0.337	0.842	0.305	1.277	0.259	0.216	0.189	1.104	0.169	0.174	0.164	0.161	600 Read#28
D	0.861	0.235	0.303	1.279	0.257	0.212	0.234	1.104	0.225	0.192	0.183	0.151	600 Read#28
E	0.299	0.292	0.297	1.237	0.220	0.208	0.181	1.102	0.238	0.214	0.152	0.246	600 Read#28
F	0.333	0.301	0.131	1.152	0.146	0.178	0.112	1.090	0.218	0.214	0.155	0.135	600 Read#28
G	0.468	0.205	0.110	0.098	0.174	0.187	0.176	0.187	0.189	0.180	0.135	0.085	600 Read#28
H	0.084	0.087	0.090	0.091	0.091	0.092	0.092	0.127	0.090	0.085	0.085	0.088	600 Read#28

600
Kinetic read 29 (14:00:00)
	1	2	3	4	5	6	7	8	9	10	11	12
A	0.206	0.144	0.157	0.088	0.086	0.087	0.089	0.087	0.087	0.084	0.085	0.087	600 Read#29
B	0.243	1.028	0.272	0.330	0.349	0.333	0.247	0.233	0.171	0.209	0.172	0.085	600 Read#29
C	0.346	0.810	0.301	1.282	0.266	0.220	0.191	1.113	0.171	0.176	0.166	0.163	600 Read#29
D	0.856	0.249	0.305	1.282	0.262	0.217	0.238	1.111	0.229	0.194	0.184	0.152	600 Read#29
E	0.303	0.296	0.302	1.242	0.225	0.213	0.185	1.111	0.242	0.217	0.153	0.251	600 Read#29
F	0.320	0.292	0.134	1.156	0.147	0.180	0.112	1.097	0.221	0.216	0.158	0.137	600 Read#29
G	0.452	0.208	0.111	0.099	0.178	0.190	0.178	0.190	0.192	0.183	0.136	0.085	600 Read#29
H	0.085	0.087	0.089	0.090	0.091	0.092	0.092	0.128	0.090	0.085	0.085	0.087	600 Read#29

600
Kinetic read 30 (14:30:00)
	1	2	3	4	5	6	7	8	9	10	11	12
A	0.215	0.147	0.159	0.088	0.086	0.087	0.089	0.087	0.087	0.084	0.085	0.087	600 Read#30
B	0.243	1.027	0.277	0.333	0.352	0.335	0.250	0.235	0.172	0.215	0.173	0.085	600 Read#30
C	0.315	0.802	0.304	1.285	0.270	0.222	0.193	1.121	0.172	0.178	0.169	0.165	600 Read#30
D	0.831	0.219	0.304	1.288	0.264	0.220	0.242	1.119	0.233	0.196	0.187	0.155	600 Read#30
E	0.310	0.299	0.306	1.246	0.228	0.217	0.189	1.119	0.245	0.219	0.155	0.248	600 Read#30
F	0.280	0.299	0.134	1.157	0.147	0.182	0.112	1.105	0.225	0.218	0.160	0.138	600 Read#30
G	0.439	0.211	0.110	0.099	0.180	0.193	0.180	0.192	0.195	0.184	0.138	0.085	600 Read#30
H	0.084	0.087	0.089	0.090	0.090	0.092	0.092	0.130	0.090	0.085	0.085	0.087	600 Read#30

600
Kinetic read 31 (15:00:00)
	1	2	3	4	5	6	7	8	9	10	11	12
A	0.223	0.149	0.161	0.088	0.086	0.087	0.089	0.087	0.087	0.084	0.085	0.087	600 Read#31
B	0.244	1.027	0.284	0.333	0.357	0.341	0.253	0.236	0.174	0.219	0.176	0.085	600 Read#31
C	0.329	0.802	0.308	1.289	0.277	0.226	0.195	1.128	0.175	0.180	0.171	0.163	600 Read#31
D	0.820	0.221	0.308	1.289	0.267	0.224	0.246	1.126	0.235	0.199	0.188	0.157	600 Read#31
E	0.282	0.300	0.311	1.251	0.231	0.220	0.193	1.126	0.248	0.222	0.155	0.253	600 Read#31
F	0.283	0.307	0.135	1.158	0.149	0.184	0.112	1.112	0.227	0.220	0.162	0.139	600 Read#31
G	0.425	0.214	0.110	0.098	0.181	0.194	0.183	0.195	0.197	0.186	0.140	0.085	600 Read#31
H	0.085	0.087	0.090	0.090	0.091	0.092	0.092	0.132	0.090	0.085	0.085	0.087	600 Read#31

600
Kinetic read 32 (15:30:00)
	1	2	3	4	5	6	7	8	9	10	11	12
A	0.229	0.152	0.162	0.088	0.086	0.087	0.089	0.087	0.087	0.084	0.086	0.087	600 Read#32
B	0.241	1.026	0.284	0.335	0.358	0.345	0.254	0.239	0.175	0.222	0.178	0.085	600 Read#32
C	0.335	0.799	0.305	1.294	0.281	0.228	0.197	1.135	0.177	0.182	0.173	0.165	600 Read#32
D	0.840	0.240	0.311	1.293	0.268	0.228	0.249	1.133	0.238	0.201	0.189	0.158	600 Read#32
E	0.291	0.293	0.316	1.255	0.237	0.224	0.197	1.131	0.250	0.225	0.157	0.255	600 Read#32
F	0.288	0.299	0.136	1.162	0.150	0.185	0.112	1.118	0.231	0.223	0.163	0.137	600 Read#32
G	0.412	0.217	0.111	0.099	0.184	0.197	0.185	0.196	0.200	0.188	0.141	0.085	600 Read#32
H	0.085	0.087	0.090	0.090	0.090	0.092	0.092	0.134	0.090	0.085	0.085	0.087	600 Read#32

600
Kinetic read 33 (16:00:00)
	1	2	3	4	5	6	7	8	9	10	11	12
A	0.237	0.158	0.164	0.088	0.086	0.087	0.089	0.087	0.087	0.084	0.085	0.087	600 Read#33
B	0.249	0.118	0.287	0.337	0.361	0.347	0.256	0.241	0.176	0.225	0.181	0.085	600 Read#33
C	0.341	0.806	0.308	1.299	0.282	0.232	0.200	1.142	0.178	0.184	0.175	0.161	600 Read#33
D	0.232	0.248	0.315	1.294	0.266	0.232	0.252	1.139	0.242	0.203	0.191	0.160	600 Read#33
E	0.295	0.288	0.324	1.261	0.239	0.228	0.200	1.136	0.252	0.228	0.158	0.262	600 Read#33
F	0.289	0.305	0.138	1.165	0.150	0.186	0.113	1.124	0.234	0.226	0.165	0.139	600 Read#33
G	0.393	0.220	0.111	0.099	0.185	0.199	0.186	0.200	0.202	0.189	0.142	0.085	600 Read#33
H	0.084	0.087	0.089	0.090	0.090	0.091	0.092	0.135	0.090	0.085	0.085	0.087	600 Read#33

600
Kinetic read 34 (16:30:00)
	1	2	3	4	5	6	7	8	9	10	11	12
A	0.244	0.159	0.164	0.088	0.086	0.086	0.089	0.087	0.087	0.084	0.085	0.087	600 Read#34
B	0.255	0.175	0.292	0.339	0.366	0.349	0.260	0.242	0.177	0.228	0.182	0.085	600 Read#34
C	0.360	0.809	0.309	1.305	0.284	0.234	0.201	1.148	0.180	0.185	0.177	0.163	600 Read#34
D	0.248	0.248	0.319	1.295	0.268	0.235	0.255	1.145	0.244	0.205	0.192	0.162	600 Read#34
E	0.303	0.294	0.329	1.265	0.242	0.231	0.203	1.142	0.255	0.229	0.159	0.265	600 Read#34
F	0.292	0.310	0.138	1.167	0.150	0.188	0.112	1.130	0.237	0.228	0.167	0.140	600 Read#34
G	0.379	0.222	0.111	0.098	0.186	0.200	0.188	0.204	0.203	0.191	0.143	0.085	600 Read#34
H	0.084	0.086	0.089	0.089	0.090	0.091	0.091	0.136	0.089	0.085	0.085	0.087	600 Read#34

600
Kinetic read 35 (17:00:00)
	1	2	3	4	5	6	7	8	9	10	11	12
A	0.226	0.161	0.165	0.088	0.086	0.087	0.089	0.087	0.087	0.084	0.086	0.087	600 Read#35
B	0.261	0.200	0.297	0.341	0.371	0.353	0.261	0.244	0.179	0.230	0.184	0.085	600 Read#35
C	0.345	0.811	0.310	1.311	0.286	0.236	0.204	1.155	0.181	0.187	0.179	0.165	600 Read#35
D	0.246	0.247	0.313	1.289	0.271	0.239	0.258	1.151	0.247	0.208	0.194	0.163	600 Read#35
E	0.316	0.295	0.336	1.271	0.245	0.235	0.207	1.148	0.258	0.232	0.161	0.269	600 Read#35
F	0.295	0.311	0.139	1.171	0.151	0.189	0.113	1.135	0.240	0.231	0.169	0.141	600 Read#35
G	0.363	0.224	0.110	0.099	0.188	0.204	0.191	0.207	0.206	0.193	0.145	0.085	600 Read#35
H	0.085	0.087	0.089	0.090	0.090	0.092	0.092	0.138	0.090	0.085	0.085	0.087	600 Read#35

600
Kinetic read 36 (17:30:00)
	1	2	3	4	5	6	7	8	9	10	11	12
A	0.240	0.163	0.166	0.088	0.086	0.087	0.089	0.087	0.087	0.084	0.086	0.087	600 Read#36
B	0.240	0.214	0.300	0.344	0.373	0.357	0.264	0.246	0.180	0.232	0.186	0.085	600 Read#36
C	0.340	0.813	0.313	1.316	0.288	0.239	0.205	1.160	0.183	0.189	0.182	0.167	600 Read#36
D	0.250	0.264	0.317	1.296	0.273	0.242	0.261	1.157	0.249	0.209	0.194	0.165	600 Read#36
E	0.321	0.306	0.339	1.275	0.247	0.238	0.210	1.154	0.261	0.234	0.162	0.265	600 Read#36
F	0.297	0.314	0.139	1.174	0.150	0.190	0.113	1.141	0.242	0.233	0.171	0.141	600 Read#36
G	0.351	0.226	0.110	0.099	0.189	0.204	0.192	0.207	0.208	0.195	0.146	0.085	600 Read#36
H	0.084	0.087	0.089	0.090	0.090	0.092	0.092	0.139	0.090	0.085	0.085	0.087	600 Read#36

600
Kinetic read 37 (18:00:00)
	1	2	3	4	5	6	7	8	9	10	11	12
A	0.251	0.166	0.166	0.088	0.086	0.087	0.089	0.087	0.087	0.084	0.085	0.087	600 Read#37
B	0.244	0.226	0.301	0.347	0.378	0.360	0.266	0.248	0.181	0.234	0.188	0.085	600 Read#37
C	0.369	0.784	0.316	1.318	0.290	0.242	0.207	1.166	0.185	0.190	0.184	0.168	600 Read#37
D	0.259	0.265	0.319	1.298	0.276	0.244	0.264	1.162	0.251	0.211	0.196	0.166	600 Read#37
E	0.325	0.313	0.344	1.280	0.250	0.241	0.213	1.159	0.263	0.236	0.164	0.269	600 Read#37
F	0.300	0.318	0.139	1.177	0.151	0.191	0.113	1.146	0.245	0.234	0.172	0.141	600 Read#37
G	0.330	0.227	0.109	0.099	0.190	0.206	0.190	0.209	0.209	0.196	0.147	0.085	600 Read#37
H	0.084	0.086	0.089	0.089	0.089	0.091	0.091	0.140	0.089	0.085	0.085	0.087	600 Read#37

600
Kinetic read 38 (18:30:00)
	1	2	3	4	5	6	7	8	9	10	11	12
A	0.245	0.167	0.167	0.088	0.086	0.087	0.089	0.087	0.087	0.084	0.085	0.087	600 Read#38
B	0.247	0.234	0.289	0.348	0.380	0.362	0.267	0.249	0.182	0.235	0.191	0.085	600 Read#38
C	0.377	0.791	0.309	1.324	0.292	0.244	0.207	1.172	0.187	0.192	0.186	0.168	600 Read#38
D	0.263	0.267	0.323	1.302	0.278	0.248	0.267	1.167	0.253	0.213	0.196	0.168	600 Read#38
E	0.217	0.310	0.349	1.286	0.253	0.244	0.216	1.164	0.261	0.238	0.165	0.271	600 Read#38
F	0.309	0.321	0.140	1.181	0.151	0.192	0.113	1.151	0.248	0.236	0.174	0.142	600 Read#38
G	0.314	0.227	0.109	0.099	0.192	0.208	0.192	0.211	0.212	0.198	0.147	0.085	600 Read#38
H	0.085	0.086	0.089	0.089	0.089	0.091	0.091	0.141	0.089	0.085	0.085	0.087	600 Read#38

600
Kinetic read 39 (19:00:00)
	1	2	3	4	5	6	7	8	9	10	11	12
A	0.255	0.169	0.168	0.088	0.086	0.087	0.089	0.087	0.087	0.085	0.085	0.087	600 Read#39
B	0.252	0.237	0.291	0.353	0.383	0.366	0.269	0.250	0.183	0.237	0.192	0.085	600 Read#39
C	0.382	0.794	0.311	1.331	0.293	0.247	0.209	1.177	0.188	0.193	0.188	0.169	600 Read#39
D	0.271	0.278	0.326	1.303	0.278	0.251	0.270	1.172	0.255	0.215	0.199	0.169	600 Read#39
E	0.223	0.317	0.351	1.291	0.255	0.245	0.219	1.168	0.264	0.239	0.167	0.273	600 Read#39
F	0.307	0.325	0.140	1.185	0.151	0.193	0.113	1.155	0.250	0.238	0.176	0.142	600 Read#39
G	0.298	0.229	0.110	0.099	0.192	0.210	0.194	0.213	0.214	0.199	0.149	0.085	600 Read#39
H	0.084	0.087	0.090	0.090	0.090	0.091	0.091	0.142	0.090	0.085	0.085	0.087	600 Read#39

600
Kinetic read 40 (19:30:00)
	1	2	3	4	5	6	7	8	9	10	11	12
A	0.268	0.173	0.170	0.088	0.086	0.087	0.089	0.087	0.087	0.085	0.086	0.087	600 Read#40
B	0.252	0.233	0.293	0.341	0.384	0.368	0.271	0.251	0.184	0.239	0.194	0.085	600 Read#40
C	0.376	0.796	0.316	1.334	0.295	0.248	0.209	1.182	0.190	0.195	0.190	0.168	600 Read#40
D	0.241	0.283	0.329	1.306	0.280	0.253	0.273	1.177	0.255	0.217	0.199	0.171	600 Read#40
E	0.232	0.322	0.355	1.296	0.259	0.249	0.222	1.174	0.265	0.241	0.168	0.277	600 Read#40
F	0.309	0.325	0.141	1.189	0.151	0.195	0.113	1.160	0.252	0.241	0.177	0.143	600 Read#40
G	0.118	0.230	0.109	0.099	0.195	0.212	0.196	0.216	0.216	0.202	0.150	0.085	600 Read#40
H	0.084	0.087	0.089	0.090	0.090	0.091	0.092	0.143	0.090	0.085	0.085	0.087	600 Read#40

600
Kinetic read 41 (20:00:00)
	1	2	3	4	5	6	7	8	9	10	11	12
A	0.277	0.173	0.169	0.088	0.087	0.087	0.089	0.087	0.087	0.085	0.085	0.087	600 Read#41
B	0.253	0.237	0.296	0.345	0.389	0.372	0.272	0.252	0.185	0.239	0.195	0.085	600 Read#41
C	0.394	0.810	0.310	1.338	0.301	0.250	0.211	1.187	0.192	0.197	0.192	0.169	600 Read#41
D	0.290	0.293	0.334	1.312	0.282	0.257	0.276	1.182	0.257	0.218	0.200	0.172	600 Read#41
E	0.244	0.326	0.362	1.302	0.261	0.251	0.224	1.179	0.261	0.243	0.166	0.279	600 Read#41
F	0.315	0.329	0.141	1.193	0.151	0.196	0.113	1.165	0.254	0.243	0.179	0.143	600 Read#41
G	0.139	0.231	0.109	0.099	0.196	0.213	0.197	0.218	0.218	0.204	0.150	0.085	600 Read#41
H	0.084	0.088	0.089	0.089	0.090	0.091	0.091	0.144	0.090	0.085	0.085	0.087	600 Read#41

600
Kinetic read 42 (20:30:00)
	1	2	3	4	5	6	7	8	9	10	11	12
A	0.291	0.174	0.170	0.088	0.086	0.087	0.089	0.087	0.087	0.085	0.085	0.087	600 Read#42
B	0.257	0.236	0.299	0.347	0.391	0.376	0.272	0.254	0.186	0.240	0.197	0.085	600 Read#42
C	0.400	0.817	0.313	1.338	0.303	0.252	0.212	1.192	0.193	0.199	0.193	0.171	600 Read#42
D	0.285	0.300	0.338	1.314	0.284	0.258	0.279	1.185	0.260	0.220	0.201	0.172	600 Read#42
E	0.129	0.333	0.358	1.307	0.263	0.253	0.227	1.183	0.264	0.245	0.167	0.284	600 Read#42
F	0.318	0.333	0.141	1.196	0.151	0.197	0.112	1.169	0.256	0.245	0.181	0.144	600 Read#42
G	0.149	0.233	0.108	0.099	0.198	0.216	0.199	0.220	0.219	0.206	0.152	0.085	600 Read#42
H	0.084	0.088	0.088	0.089	0.090	0.091	0.091	0.144	0.089	0.085	0.085	0.087	600 Read#42

600
Kinetic read 43 (21:00:00)
	1	2	3	4	5	6	7	8	9	10	11	12
A	0.287	0.177	0.170	0.088	0.086	0.087	0.089	0.087	0.087	0.085	0.086	0.087	600 Read#43
B	0.256	0.245	0.303	0.350	0.394	0.378	0.276	0.255	0.187	0.242	0.196	0.085	600 Read#43
C	0.393	0.825	0.316	1.343	0.305	0.254	0.214	1.196	0.195	0.200	0.195	0.172	600 Read#43
D	0.299	0.271	0.340	1.315	0.286	0.260	0.281	1.190	0.264	0.222	0.203	0.173	600 Read#43
E	0.132	0.340	0.361	1.313	0.266	0.255	0.230	1.187	0.265	0.246	0.168	0.282	600 Read#43
F	0.323	0.336	0.141	1.201	0.151	0.198	0.113	1.171	0.258	0.247	0.183	0.145	600 Read#43
G	0.155	0.234	0.109	0.099	0.199	0.217	0.200	0.222	0.221	0.207	0.152	0.085	600 Read#43
H	0.085	0.088	0.089	0.090	0.090	0.091	0.092	0.145	0.090	0.085	0.085	0.087	600 Read#43

600
Kinetic read 44 (0:00:00)
	1	2	3	4	5	6	7	8	9	10	11	12
A													600 Read#44
B													600 Read#44
C													600 Read#44
D													600 Read#44
E													600 Read#44
F													600 Read#44
G													600 Read#44
H													600 Read#44

600
Kinetic read 45 (0:00:00)
	1	2	3	4	5	6	7	8	9	10	11	12
A													600 Read#45
B													600 Read#45
C													600 Read#45
D													600 Read#45
E													600 Read#45
F													600 Read#45
G													600 Read#45
H													600 Read#45

600
Kinetic read 46 (0:00:00)
	1	2	3	4	5	6	7	8	9	10	11	12
A													600 Read#46
B													600 Read#46
C													600 Read#46
D													600 Read#46
E													600 Read#46
F													600 Read#46
G													600 Read#46
H													600 Read#46

600
Kinetic read 47 (0:00:00)
	1	2	3	4	5	6	7	8	9	10	11	12
A													600 Read#47
B													600 Read#47
C													600 Read#47
D													600 Read#47
E													600 Read#47
F													600 Read#47
G													600 Read#47
H													600 Read#47

600
Kinetic read 48 (0:00:00)
	1	2	3	4	5	6	7	8	9	10	11	12
A													600 Read#48
B													600 Read#48
C													600 Read#48
D													600 Read#48
E													600 Read#48
F													600 Read#48
G													600 Read#48
H													600 Read#48

600
Kinetic read 49 (0:00:00)
	1	2	3	4	5	6	7	8	9	10	11	12
A													600 Read#49
B													600 Read#49
C													600 Read#49
D													600 Read#49
E													600 Read#49
F													600 Read#49
G													600 Read#49
H													600 Read#49

600

Kinetic read	A1	B1	C1	D1	E1	F1	G1	H1	A2	B2	C2	D2	E2	F2	G2	H2	A3	B3	C3	D3	E3	F3	G3	H3	A4	B4	C4	D4	E4	F4	G4	H4	A5	B5	C5	D5	E5	F5	G5	H5	A6	B6	C6	D6	E6	F6	G6	H6	A7	B7	C7	D7	E7	F7	G7	H7	A8	B8	C8	D8	E8	F8	G8	H8	A9	B9	C9	D9	E9	F9	G9	H9	A10	B10	C10	D10	E10	F10	G10	H10
0:00:00	0.296	0.085	0.085	0.085	0.087	0.086	0.083	0.083	0.085	0.085	0.085	0.085	0.084	0.084	1.354	0.083	0.084	0.084	0.098	0.097	0.097	0.096	0.095	0.084	0.085	0.084	0.193	0.198	0.195	0.186	0.088	0.085	0.084	0.083	0.097	0.096	0.096	0.095	0.085	0.085	0.085	0.085	0.168	0.167	0.168	0.171	0.086	0.086	0.088	0.086	0.096	0.093	0.093	0.094	0.085	0.086	0.085	0.084	0.187	0.184	0.185	0.184	0.086	0.088	0.085	0.084	0.095	0.096	0.096	0.096	0.084	0.086	0.082	0.083	0.172	0.174	0.173	0.170	0.085	0.083
0:30:00	0.339	0.338	0.086	0.090	0.089	0.087	0.084	0.083	0.085	0.085	0.085	0.085	0.084	0.084	1.018	0.083	0.085	0.084	0.098	0.096	0.096	0.096	0.114	0.084	0.085	0.084	0.255	0.262	0.258	0.248	0.088	0.085	0.084	0.083	0.096	0.096	0.096	0.095	0.085	0.085	0.085	0.085	0.154	0.153	0.153	0.157	0.086	0.086	0.088	0.086	0.096	0.093	0.093	0.094	0.085	0.086	0.085	0.084	0.245	0.240	0.242	0.242	0.084	0.087	0.085	0.084	0.095	0.096	0.096	0.096	0.083	0.086	0.082	0.084	0.158	0.160	0.158	0.157	0.085	0.083
1:00:00	0.403	0.835	0.304	0.121	0.107	0.092	0.084	0.083	0.085	0.096	0.097	0.696	0.090	0.084	0.088	0.083	0.085	0.090	0.104	0.098	0.097	0.096	0.091	0.085	0.085	0.085	0.342	0.355	0.347	0.333	0.087	0.085	0.085	0.084	0.096	0.096	0.096	0.095	0.086	0.085	0.085	0.085	0.138	0.138	0.137	0.141	0.087	0.086	0.088	0.086	0.096	0.093	0.093	0.094	0.087	0.086	0.085	0.084	0.321	0.319	0.315	0.319	0.085	0.087	0.085	0.084	0.095	0.096	0.096	0.096	0.084	0.086	0.082	0.083	0.142	0.143	0.142	0.140	0.086	0.083
1:30:00	0.469	0.871	0.791	0.152	0.131	0.109	0.084	0.083	0.085	0.416	1.325	1.191	0.124	0.955	0.089	0.084	0.085	0.419	0.124	0.116	0.107	0.096	0.092	0.085	0.085	0.100	0.454	0.470	0.440	0.410	0.087	0.086	0.085	0.092	0.104	0.100	0.097	0.096	0.087	0.086	0.085	0.188	0.130	0.130	0.129	0.133	0.088	0.087	0.088	0.086	0.096	0.094	0.094	0.095	0.356	0.087	0.085	0.085	0.391	0.398	0.389	0.400	0.094	0.117	0.086	0.193	0.095	0.097	0.097	0.098	0.090	0.086	0.083	0.085	0.132	0.134	0.133	0.132	0.089	0.083
2:00:00	0.459	1.014	0.879	0.182	0.154	0.129	0.092	0.083	0.085	1.102	1.316	1.194	0.149	0.798	0.096	0.085	0.085	0.863	0.143	0.135	0.124	0.097	0.095	0.086	0.086	0.115	0.606	0.629	0.593	0.542	0.088	0.087	0.085	0.102	0.117	0.116	0.103	0.097	0.496	0.087	0.085	0.174	0.131	0.125	0.125	0.128	0.097	0.088	0.088	0.091	0.100	0.096	0.095	0.096	0.096	0.088	0.085	0.090	0.480	0.483	0.470	0.474	0.103	0.116	0.086	0.123	0.100	0.107	0.110	0.105	0.100	0.087	0.083	0.089	0.129	0.131	0.136	0.129	0.100	0.083
2:30:00	0.424	1.135	0.156	0.211	0.173	0.150	0.103	0.083	0.085	1.127	1.342	1.043	0.171	0.804	0.106	0.085	0.085	0.883	0.159	0.152	0.140	0.099	0.097	0.086	0.086	0.127	0.735	0.750	0.714	0.651	0.089	0.087	0.085	0.113	0.129	0.129	0.112	0.100	0.097	0.087	0.085	0.183	0.135	0.124	0.124	0.128	0.326	0.089	0.089	0.095	0.106	0.105	0.095	0.097	0.102	0.088	0.085	0.095	0.549	0.560	0.548	0.547	0.111	0.115	0.086	0.127	0.105	0.117	0.121	0.114	0.109	0.087	0.083	0.093	0.129	0.132	0.140	0.133	0.110	0.083
3:00:00	0.350	1.121	0.179	0.496	0.193	0.168	0.430	0.083	0.085	1.153	1.333	0.753	0.186	0.748	0.116	0.085	0.085	1.005	0.174	0.168	0.155	0.101	0.100	0.087	0.086	0.217	0.858	0.865	0.824	0.756	0.090	0.088	0.085	0.333	0.138	0.141	0.122	0.105	0.101	0.088	0.085	0.195	0.139	0.125	0.125	0.130	0.112	0.090	0.089	0.099	0.112	0.114	0.096	0.098	0.107	0.089	0.085	0.100	0.595	0.612	0.598	0.597	0.118	0.089	0.086	0.138	0.110	0.125	0.130	0.122	0.117	0.087	0.083	0.097	0.130	0.135	0.143	0.137	0.254	0.084
3:30:00	0.113	1.079	0.198	1.009	0.210	0.187	0.529	0.083	0.085	1.169	1.325	0.737	0.198	0.750	0.124	0.085	0.087	1.017	0.188	0.182	0.168	0.104	0.102	0.087	0.086	0.193	0.961	0.963	0.922	0.856	0.091	0.088	0.085	0.677	0.148	0.152	0.130	0.110	0.105	0.088	0.086	0.192	0.144	0.128	0.128	0.134	0.116	0.089	0.089	0.103	0.118	0.123	0.096	0.099	0.113	0.089	0.086	0.104	0.632	0.657	0.642	0.640	0.124	0.091	0.086	0.135	0.114	0.132	0.139	0.129	0.124	0.088	0.083	0.101	0.132	0.137	0.147	0.142	0.120	0.084
4:00:00	0.162	1.059	0.212	1.044	0.221	0.206	0.545	0.084	0.088	1.182	1.342	0.743	0.208	0.770	0.133	0.085	0.091	1.031	0.201	0.196	0.180	0.107	0.104	0.087	0.086	0.195	1.033	1.031	0.989	0.929	0.093	0.088	0.085	0.755	0.157	0.162	0.138	0.115	0.110	0.088	0.086	0.193	0.150	0.135	0.134	0.139	0.121	0.089	0.089	0.107	0.123	0.132	0.100	0.101	0.119	0.089	0.086	0.109	0.669	0.701	0.685	0.681	0.131	0.095	0.086	0.130	0.118	0.139	0.147	0.136	0.356	0.088	0.083	0.105	0.134	0.141	0.151	0.147	0.124	0.084
4:30:00	0.162	1.057	0.222	1.046	0.233	0.220	0.632	0.084	0.088	1.195	1.324	0.749	0.219	0.518	0.138	0.085	0.094	1.024	0.212	0.208	0.189	0.108	0.104	0.087	0.086	0.195	1.091	1.091	1.049	0.983	0.093	0.088	0.085	0.856	0.164	0.170	0.144	0.118	0.114	0.088	0.086	0.201	0.154	0.139	0.138	0.141	0.127	0.090	0.089	0.110	0.128	0.139	0.103	0.102	0.125	0.089	0.086	0.114	0.702	0.738	0.723	0.717	0.135	0.097	0.086	0.130	0.121	0.146	0.154	0.141	0.139	0.088	0.083	0.108	0.136	0.144	0.155	0.151	0.127	0.084
5:00:00	0.161	0.118	0.230	1.076	0.246	0.227	0.641	0.084	0.089	1.210	0.896	0.680	0.222	0.509	0.144	0.085	0.097	1.017	0.222	0.220	0.198	0.109	0.104	0.087	0.086	0.204	1.135	1.135	1.092	1.030	0.094	0.088	0.085	0.182	0.171	0.177	0.150	0.120	0.119	0.088	0.086	0.208	0.158	0.143	0.142	0.143	0.131	0.089	0.089	0.114	0.132	0.146	0.106	0.104	0.130	0.089	0.086	0.118	0.737	0.780	0.762	0.756	0.139	0.099	0.086	0.136	0.124	0.151	0.160	0.147	0.140	0.088	0.083	0.111	0.138	0.147	0.158	0.155	0.131	0.084
5:30:00	0.175	0.148	0.238	1.066	0.254	0.233	0.600	0.084	0.091	1.165	0.783	0.734	0.224	0.472	0.149	0.086	0.101	1.007	0.231	0.230	0.204	0.111	0.105	0.087	0.087	0.219	1.177	1.175	1.133	1.067	0.095	0.088	0.086	0.173	0.178	0.185	0.157	0.123	0.127	0.088	0.086	0.213	0.162	0.147	0.146	0.146	0.136	0.090	0.089	0.118	0.137	0.153	0.111	0.105	0.134	0.090	0.086	0.123	0.778	0.824	0.804	0.797	0.145	0.105	0.086	0.141	0.127	0.157	0.167	0.152	0.143	0.088	0.084	0.115	0.141	0.150	0.162	0.159	0.134	0.084
6:00:00	0.188	0.165	0.243	1.029	0.271	0.241	0.595	0.084	0.094	1.167	0.763	0.730	0.235	0.205	0.155	0.086	0.105	0.997	0.240	0.240	0.212	0.114	0.107	0.087	0.087	0.237	1.206	1.211	1.166	1.104	0.096	0.088	0.086	0.186	0.186	0.193	0.164	0.127	0.130	0.088	0.086	0.221	0.167	0.152	0.152	0.149	0.140	0.090	0.089	0.121	0.141	0.160	0.116	0.106	0.137	0.090	0.086	0.127	0.821	0.868	0.847	0.837	0.148	0.106	0.086	0.146	0.131	0.163	0.173	0.157	0.147	0.088	0.083	0.118	0.143	0.153	0.166	0.163	0.137	0.084
6:30:00	0.196	0.179	0.250	0.964	0.277	0.249	0.586	0.084	0.097	1.172	0.771	0.740	0.243	0.199	0.160	0.086	0.110	0.941	0.248	0.249	0.218	0.115	0.106	0.088	0.087	0.254	1.234	1.239	1.190	1.129	0.096	0.088	0.086	0.196	0.192	0.200	0.170	0.130	0.133	0.088	0.086	0.232	0.171	0.156	0.156	0.151	0.144	0.090	0.089	0.124	0.145	0.166	0.120	0.106	0.140	0.090	0.086	0.131	0.864	0.908	0.888	0.877	0.151	0.108	0.086	0.149	0.134	0.169	0.179	0.162	0.150	0.088	0.084	0.121	0.145	0.156	0.170	0.167	0.140	0.085
7:00:00	0.199	0.189	0.259	0.923	0.292	0.258	0.548	0.084	0.099	1.177	0.769	0.763	0.254	0.211	0.162	0.086	0.113	0.334	0.255	0.258	0.224	0.115	0.106	0.088	0.087	0.262	1.263	1.262	1.219	1.150	0.096	0.088	0.086	0.214	0.197	0.205	0.172	0.131	0.136	0.089	0.086	0.242	0.175	0.160	0.159	0.153	0.147	0.090	0.089	0.127	0.149	0.172	0.124	0.107	0.143	0.090	0.086	0.134	0.903	0.935	0.918	0.904	0.154	0.109	0.086	0.151	0.137	0.174	0.185	0.166	0.152	0.088	0.083	0.124	0.147	0.159	0.173	0.171	0.143	0.084
7:30:00	0.202	0.202	0.268	0.932	0.306	0.271	0.716	0.084	0.101	1.181	0.784	0.682	0.259	0.219	0.168	0.086	0.117	0.297	0.263	0.268	0.231	0.117	0.107	0.088	0.087	0.272	1.291	1.291	1.250	1.174	0.097	0.088	0.086	0.239	0.203	0.210	0.177	0.134	0.139	0.089	0.086	0.254	0.178	0.164	0.164	0.155	0.151	0.090	0.089	0.129	0.153	0.179	0.129	0.108	0.146	0.090	0.086	0.138	0.928	0.965	0.946	0.929	0.157	0.110	0.086	0.154	0.140	0.180	0.190	0.171	0.155	0.088	0.083	0.128	0.150	0.162	0.176	0.175	0.146	0.084
8:00:00	0.204	0.208	0.278	0.923	0.312	0.266	0.689	0.084	0.105	1.222	0.796	0.689	0.267	0.211	0.173	0.086	0.120	0.247	0.269	0.272	0.238	0.119	0.108	0.088	0.088	0.281	1.278	1.279	1.239	1.204	0.097	0.089	0.086	0.260	0.207	0.216	0.183	0.136	0.142	0.089	0.086	0.267	0.182	0.169	0.169	0.159	0.155	0.090	0.089	0.132	0.157	0.185	0.134	0.109	0.148	0.090	0.086	0.141	0.957	0.995	0.976	0.959	0.160	0.112	0.087	0.155	0.143	0.184	0.196	0.175	0.158	0.089	0.084	0.131	0.152	0.165	0.181	0.179	0.149	0.084
8:30:00	0.207	0.213	0.262	0.920	0.321	0.274	0.658	0.084	0.107	1.233	0.799	0.683	0.278	0.218	0.175	0.086	0.123	0.228	0.276	0.279	0.243	0.120	0.108	0.088	0.088	0.290	1.269	1.270	1.226	1.188	0.097	0.089	0.086	0.276	0.213	0.221	0.186	0.137	0.144	0.089	0.086	0.277	0.185	0.172	0.173	0.160	0.158	0.090	0.089	0.135	0.161	0.192	0.139	0.109	0.151	0.090	0.086	0.144	0.987	1.021	1.004	0.986	0.163	0.113	0.086	0.157	0.146	0.188	0.201	0.179	0.161	0.088	0.084	0.134	0.154	0.168	0.184	0.183	0.153	0.084
9:00:00	0.217	0.220	0.276	1.025	0.328	0.275	0.653	0.084	0.109	1.207	0.806	0.668	0.287	0.232	0.180	0.086	0.125	0.233	0.272	0.283	0.250	0.121	0.108	0.088	0.088	0.295	1.265	1.265	1.220	1.176	0.097	0.089	0.086	0.288	0.218	0.227	0.190	0.138	0.147	0.089	0.086	0.282	0.188	0.175	0.176	0.162	0.161	0.090	0.089	0.317	0.165	0.197	0.144	0.109	0.154	0.090	0.086	0.221	1.017	1.043	1.029	1.012	0.165	0.114	0.087	0.158	0.149	0.193	0.206	0.183	0.164	0.089	0.084	0.220	0.156	0.170	0.187	0.186	0.155	0.085
9:30:00	0.212	0.224	0.286	0.995	0.307	0.286	0.595	0.084	0.111	1.208	0.822	0.669	0.275	0.245	0.186	0.086	0.129	0.235	0.279	0.291	0.255	0.122	0.109	0.089	0.088	0.301	1.261	1.264	1.221	1.165	0.098	0.089	0.086	0.304	0.223	0.233	0.193	0.140	0.150	0.089	0.086	0.291	0.192	0.179	0.179	0.164	0.164	0.091	0.089	0.177	0.168	0.203	0.148	0.110	0.158	0.091	0.086	0.168	1.033	1.050	1.052	1.028	0.168	0.116	0.087	0.159	0.151	0.197	0.211	0.187	0.167	0.089	0.084	0.185	0.159	0.173	0.190	0.190	0.158	0.085
10:00:00	0.213	0.237	0.298	0.956	0.292	0.294	0.571	0.084	0.114	1.205	0.828	0.648	0.273	0.260	0.190	0.086	0.131	0.240	0.285	0.290	0.261	0.124	0.109	0.089	0.088	0.308	1.261	1.264	1.223	1.159	0.098	0.090	0.086	0.312	0.228	0.235	0.197	0.141	0.153	0.089	0.086	0.296	0.196	0.184	0.183	0.166	0.168	0.091	0.089	0.183	0.172	0.208	0.153	0.110	0.160	0.091	0.087	0.184	1.038	1.051	1.058	1.032	0.171	0.117	0.087	0.160	0.154	0.201	0.214	0.191	0.170	0.089	0.084	0.173	0.161	0.176	0.193	0.193	0.161	0.085
10:30:00	0.220	0.246	0.290	0.987	0.286	0.304	0.576	0.084	0.117	1.154	0.857	0.651	0.277	0.260	0.191	0.086	0.133	0.238	0.290	0.297	0.266	0.125	0.109	0.089	0.088	0.315	1.262	1.265	1.225	1.157	0.098	0.090	0.086	0.321	0.233	0.239	0.201	0.142	0.155	0.089	0.086	0.302	0.198	0.187	0.186	0.168	0.171	0.091	0.089	0.202	0.174	0.211	0.157	0.110	0.163	0.091	0.087	0.200	1.043	1.055	1.059	1.038	0.173	0.118	0.087	0.162	0.156	0.205	0.217	0.195	0.173	0.089	0.084	0.174	0.162	0.178	0.197	0.196	0.164	0.085
11:00:00	0.222	0.256	0.297	0.984	0.292	0.304	0.558	0.084	0.119	1.087	0.850	0.201	0.285	0.261	0.195	0.087	0.136	0.246	0.294	0.302	0.272	0.126	0.109	0.089	0.088	0.319	1.264	1.264	1.228	1.156	0.098	0.090	0.086	0.326	0.237	0.244	0.204	0.143	0.159	0.090	0.086	0.308	0.201	0.192	0.190	0.169	0.174	0.091	0.089	0.216	0.177	0.214	0.161	0.110	0.164	0.091	0.087	0.211	1.051	1.061	1.062	1.047	0.175	0.119	0.087	0.163	0.158	0.208	0.221	0.199	0.176	0.089	0.084	0.180	0.164	0.180	0.199	0.200	0.167	0.085
11:30:00	0.228	0.256	0.300	0.977	0.306	0.310	0.537	0.084	0.124	1.088	0.853	0.222	0.278	0.277	0.196	0.087	0.140	0.252	0.299	0.308	0.278	0.127	0.110	0.089	0.088	0.326	1.266	1.266	1.231	1.152	0.098	0.090	0.086	0.332	0.242	0.250	0.208	0.144	0.162	0.090	0.086	0.311	0.204	0.196	0.194	0.171	0.177	0.091	0.089	0.226	0.180	0.219	0.165	0.111	0.167	0.091	0.087	0.215	1.062	1.069	1.068	1.056	0.178	0.120	0.087	0.164	0.160	0.212	0.224	0.203	0.179	0.089	0.084	0.181	0.166	0.183	0.202	0.202	0.169	0.085
12:00:00	0.222	0.264	0.321	1.029	0.315	0.317	0.523	0.085	0.128	1.071	0.853	0.229	0.275	0.286	0.199	0.087	0.143	0.256	0.305	0.308	0.284	0.128	0.110	0.089	0.088	0.324	1.267	1.269	1.234	1.152	0.098	0.090	0.086	0.338	0.246	0.248	0.210	0.144	0.164	0.090	0.087	0.316	0.208	0.200	0.197	0.173	0.180	0.091	0.089	0.234	0.183	0.223	0.168	0.111	0.169	0.091	0.087	0.222	1.074	1.078	1.076	1.065	0.180	0.122	0.087	0.166	0.163	0.215	0.228	0.206	0.183	0.089	0.084	0.185	0.168	0.185	0.205	0.205	0.173	0.085
12:30:00	0.236	0.272	0.328	1.025	0.327	0.354	0.508	0.085	0.132	1.070	0.845	0.214	0.289	0.283	0.200	0.087	0.145	0.264	0.309	0.305	0.286	0.129	0.109	0.090	0.088	0.328	1.271	1.272	1.233	1.153	0.098	0.090	0.086	0.342	0.250	0.250	0.213	0.144	0.166	0.090	0.087	0.320	0.210	0.204	0.201	0.174	0.183	0.091	0.089	0.238	0.185	0.227	0.173	0.111	0.171	0.092	0.087	0.225	1.084	1.087	1.085	1.073	0.182	0.123	0.087	0.167	0.165	0.219	0.231	0.210	0.185	0.089	0.084	0.192	0.171	0.187	0.208	0.208	0.175	0.085
13:00:00	0.195	0.274	0.333	0.990	0.333	0.345	0.491	0.084	0.135	1.064	0.838	0.226	0.295	0.292	0.203	0.087	0.148	0.276	0.313	0.308	0.291	0.130	0.109	0.089	0.088	0.330	1.274	1.274	1.234	1.151	0.098	0.090	0.086	0.346	0.254	0.254	0.216	0.145	0.170	0.090	0.086	0.325	0.213	0.208	0.205	0.176	0.184	0.092	0.089	0.241	0.186	0.230	0.177	0.111	0.173	0.091	0.087	0.228	1.094	1.095	1.093	1.082	0.185	0.124	0.087	0.169	0.166	0.223	0.235	0.213	0.186	0.090	0.084	0.198	0.172	0.189	0.211	0.211	0.177	0.085
13:30:00	0.200	0.275	0.337	0.861	0.299	0.333	0.468	0.084	0.139	1.060	0.842	0.235	0.292	0.301	0.205	0.087	0.151	0.287	0.305	0.303	0.297	0.131	0.110	0.090	0.088	0.333	1.277	1.279	1.237	1.152	0.098	0.091	0.086	0.344	0.259	0.257	0.220	0.146	0.174	0.091	0.087	0.328	0.216	0.212	0.208	0.178	0.187	0.092	0.089	0.246	0.189	0.234	0.181	0.112	0.176	0.092	0.087	0.231	1.104	1.104	1.102	1.090	0.187	0.127	0.087	0.170	0.169	0.225	0.238	0.218	0.189	0.090	0.084	0.204	0.174	0.192	0.214	0.214	0.180	0.085
14:00:00	0.206	0.243	0.346	0.856	0.303	0.320	0.452	0.085	0.144	1.028	0.810	0.249	0.296	0.292	0.208	0.087	0.157	0.272	0.301	0.305	0.302	0.134	0.111	0.089	0.088	0.330	1.282	1.282	1.242	1.156	0.099	0.090	0.086	0.349	0.266	0.262	0.225	0.147	0.178	0.091	0.087	0.333	0.220	0.217	0.213	0.180	0.190	0.092	0.089	0.247	0.191	0.238	0.185	0.112	0.178	0.092	0.087	0.233	1.113	1.111	1.111	1.097	0.190	0.128	0.087	0.171	0.171	0.229	0.242	0.221	0.192	0.090	0.084	0.209	0.176	0.194	0.217	0.216	0.183	0.085
14:30:00	0.215	0.243	0.315	0.831	0.310	0.280	0.439	0.084	0.147	1.027	0.802	0.219	0.299	0.299	0.211	0.087	0.159	0.277	0.304	0.304	0.306	0.134	0.110	0.089	0.088	0.333	1.285	1.288	1.246	1.157	0.099	0.090	0.086	0.352	0.270	0.264	0.228	0.147	0.180	0.090	0.087	0.335	0.222	0.220	0.217	0.182	0.193	0.092	0.089	0.250	0.193	0.242	0.189	0.112	0.180	0.092	0.087	0.235	1.121	1.119	1.119	1.105	0.192	0.130	0.087	0.172	0.172	0.233	0.245	0.225	0.195	0.090	0.084	0.215	0.178	0.196	0.219	0.218	0.184	0.085
15:00:00	0.223	0.244	0.329	0.820	0.282	0.283	0.425	0.085	0.149	1.027	0.802	0.221	0.300	0.307	0.214	0.087	0.161	0.284	0.308	0.308	0.311	0.135	0.110	0.090	0.088	0.333	1.289	1.289	1.251	1.158	0.098	0.090	0.086	0.357	0.277	0.267	0.231	0.149	0.181	0.091	0.087	0.341	0.226	0.224	0.220	0.184	0.194	0.092	0.089	0.253	0.195	0.246	0.193	0.112	0.183	0.092	0.087	0.236	1.128	1.126	1.126	1.112	0.195	0.132	0.087	0.174	0.175	0.235	0.248	0.227	0.197	0.090	0.084	0.219	0.180	0.199	0.222	0.220	0.186	0.085
15:30:00	0.229	0.241	0.335	0.840	0.291	0.288	0.412	0.085	0.152	1.026	0.799	0.240	0.293	0.299	0.217	0.087	0.162	0.284	0.305	0.311	0.316	0.136	0.111	0.090	0.088	0.335	1.294	1.293	1.255	1.162	0.099	0.090	0.086	0.358	0.281	0.268	0.237	0.150	0.184	0.090	0.087	0.345	0.228	0.228	0.224	0.185	0.197	0.092	0.089	0.254	0.197	0.249	0.197	0.112	0.185	0.092	0.087	0.239	1.135	1.133	1.131	1.118	0.196	0.134	0.087	0.175	0.177	0.238	0.250	0.231	0.200	0.090	0.084	0.222	0.182	0.201	0.225	0.223	0.188	0.085
16:00:00	0.237	0.249	0.341	0.232	0.295	0.289	0.393	0.084	0.158	0.118	0.806	0.248	0.288	0.305	0.220	0.087	0.164	0.287	0.308	0.315	0.324	0.138	0.111	0.089	0.088	0.337	1.299	1.294	1.261	1.165	0.099	0.090	0.086	0.361	0.282	0.266	0.239	0.150	0.185	0.090	0.087	0.347	0.232	0.232	0.228	0.186	0.199	0.091	0.089	0.256	0.200	0.252	0.200	0.113	0.186	0.092	0.087	0.241	1.142	1.139	1.136	1.124	0.200	0.135	0.087	0.176	0.178	0.242	0.252	0.234	0.202	0.090	0.084	0.225	0.184	0.203	0.228	0.226	0.189	0.085
16:30:00	0.244	0.255	0.360	0.248	0.303	0.292	0.379	0.084	0.159	0.175	0.809	0.248	0.294	0.310	0.222	0.086	0.164	0.292	0.309	0.319	0.329	0.138	0.111	0.089	0.088	0.339	1.305	1.295	1.265	1.167	0.098	0.089	0.086	0.366	0.284	0.268	0.242	0.150	0.186	0.090	0.086	0.349	0.234	0.235	0.231	0.188	0.200	0.091	0.089	0.260	0.201	0.255	0.203	0.112	0.188	0.091	0.087	0.242	1.148	1.145	1.142	1.130	0.204	0.136	0.087	0.177	0.180	0.244	0.255	0.237	0.203	0.089	0.084	0.228	0.185	0.205	0.229	0.228	0.191	0.085
17:00:00	0.226	0.261	0.345	0.246	0.316	0.295	0.363	0.085	0.161	0.200	0.811	0.247	0.295	0.311	0.224	0.087	0.165	0.297	0.310	0.313	0.336	0.139	0.110	0.089	0.088	0.341	1.311	1.289	1.271	1.171	0.099	0.090	0.086	0.371	0.286	0.271	0.245	0.151	0.188	0.090	0.087	0.353	0.236	0.239	0.235	0.189	0.204	0.092	0.089	0.261	0.204	0.258	0.207	0.113	0.191	0.092	0.087	0.244	1.155	1.151	1.148	1.135	0.207	0.138	0.087	0.179	0.181	0.247	0.258	0.240	0.206	0.090	0.084	0.230	0.187	0.208	0.232	0.231	0.193	0.085
17:30:00	0.240	0.240	0.340	0.250	0.321	0.297	0.351	0.084	0.163	0.214	0.813	0.264	0.306	0.314	0.226	0.087	0.166	0.300	0.313	0.317	0.339	0.139	0.110	0.089	0.088	0.344	1.316	1.296	1.275	1.174	0.099	0.090	0.086	0.373	0.288	0.273	0.247	0.150	0.189	0.090	0.087	0.357	0.239	0.242	0.238	0.190	0.204	0.092	0.089	0.264	0.205	0.261	0.210	0.113	0.192	0.092	0.087	0.246	1.160	1.157	1.154	1.141	0.207	0.139	0.087	0.180	0.183	0.249	0.261	0.242	0.208	0.090	0.084	0.232	0.189	0.209	0.234	0.233	0.195	0.085
18:00:00	0.251	0.244	0.369	0.259	0.325	0.300	0.330	0.084	0.166	0.226	0.784	0.265	0.313	0.318	0.227	0.086	0.166	0.301	0.316	0.319	0.344	0.139	0.109	0.089	0.088	0.347	1.318	1.298	1.280	1.177	0.099	0.089	0.086	0.378	0.290	0.276	0.250	0.151	0.190	0.089	0.087	0.360	0.242	0.244	0.241	0.191	0.206	0.091	0.089	0.266	0.207	0.264	0.213	0.113	0.190	0.091	0.087	0.248	1.166	1.162	1.159	1.146	0.209	0.140	0.087	0.181	0.185	0.251	0.263	0.245	0.209	0.089	0.084	0.234	0.190	0.211	0.236	0.234	0.196	0.085
18:30:00	0.245	0.247	0.377	0.263	0.217	0.309	0.314	0.085	0.167	0.234	0.791	0.267	0.310	0.321	0.227	0.086	0.167	0.289	0.309	0.323	0.349	0.140	0.109	0.089	0.088	0.348	1.324	1.302	1.286	1.181	0.099	0.089	0.086	0.380	0.292	0.278	0.253	0.151	0.192	0.089	0.087	0.362	0.244	0.248	0.244	0.192	0.208	0.091	0.089	0.267	0.207	0.267	0.216	0.113	0.192	0.091	0.087	0.249	1.172	1.167	1.164	1.151	0.211	0.141	0.087	0.182	0.187	0.253	0.261	0.248	0.212	0.089	0.084	0.235	0.192	0.213	0.238	0.236	0.198	0.085
19:00:00	0.255	0.252	0.382	0.271	0.223	0.307	0.298	0.084	0.169	0.237	0.794	0.278	0.317	0.325	0.229	0.087	0.168	0.291	0.311	0.326	0.351	0.140	0.110	0.090	0.088	0.353	1.331	1.303	1.291	1.185	0.099	0.090	0.086	0.383	0.293	0.278	0.255	0.151	0.192	0.090	0.087	0.366	0.247	0.251	0.245	0.193	0.210	0.091	0.089	0.269	0.209	0.270	0.219	0.113	0.194	0.091	0.087	0.250	1.177	1.172	1.168	1.155	0.213	0.142	0.087	0.183	0.188	0.255	0.264	0.250	0.214	0.090	0.085	0.237	0.193	0.215	0.239	0.238	0.199	0.085
19:30:00	0.268	0.252	0.376	0.241	0.232	0.309	0.118	0.084	0.173	0.233	0.796	0.283	0.322	0.325	0.230	0.087	0.170	0.293	0.316	0.329	0.355	0.141	0.109	0.089	0.088	0.341	1.334	1.306	1.296	1.189	0.099	0.090	0.086	0.384	0.295	0.280	0.259	0.151	0.195	0.090	0.087	0.368	0.248	0.253	0.249	0.195	0.212	0.091	0.089	0.271	0.209	0.273	0.222	0.113	0.196	0.092	0.087	0.251	1.182	1.177	1.174	1.160	0.216	0.143	0.087	0.184	0.190	0.255	0.265	0.252	0.216	0.090	0.085	0.239	0.195	0.217	0.241	0.241	0.202	0.085
20:00:00	0.277	0.253	0.394	0.290	0.244	0.315	0.139	0.084	0.173	0.237	0.810	0.293	0.326	0.329	0.231	0.088	0.169	0.296	0.310	0.334	0.362	0.141	0.109	0.089	0.088	0.345	1.338	1.312	1.302	1.193	0.099	0.089	0.087	0.389	0.301	0.282	0.261	0.151	0.196	0.090	0.087	0.372	0.250	0.257	0.251	0.196	0.213	0.091	0.089	0.272	0.211	0.276	0.224	0.113	0.197	0.091	0.087	0.252	1.187	1.182	1.179	1.165	0.218	0.144	0.087	0.185	0.192	0.257	0.261	0.254	0.218	0.090	0.085	0.239	0.197	0.218	0.243	0.243	0.204	0.085
20:30:00	0.291	0.257	0.400	0.285	0.129	0.318	0.149	0.084	0.174	0.236	0.817	0.300	0.333	0.333	0.233	0.088	0.170	0.299	0.313	0.338	0.358	0.141	0.108	0.088	0.088	0.347	1.338	1.314	1.307	1.196	0.099	0.089	0.086	0.391	0.303	0.284	0.263	0.151	0.198	0.090	0.087	0.376	0.252	0.258	0.253	0.197	0.216	0.091	0.089	0.272	0.212	0.279	0.227	0.112	0.199	0.091	0.087	0.254	1.192	1.185	1.183	1.169	0.220	0.144	0.087	0.186	0.193	0.260	0.264	0.256	0.219	0.089	0.085	0.240	0.199	0.220	0.245	0.245	0.206	0.085
21:00:00	0.287	0.256	0.393	0.299	0.132	0.323	0.155	0.085	0.177	0.245	0.825	0.271	0.340	0.336	0.234	0.088	0.170	0.303	0.316	0.340	0.361	0.141	0.109	0.089	0.088	0.350	1.343	1.315	1.313	1.201	0.099	0.090	0.086	0.394	0.305	0.286	0.266	0.151	0.199	0.090	0.087	0.378	0.254	0.260	0.255	0.198	0.217	0.091	0.089	0.276	0.214	0.281	0.230	0.113	0.200	0.092	0.087	0.255	1.196	1.190	1.187	1.171	0.222	0.145	0.087	0.187	0.195	0.264	0.265	0.258	0.221	0.090	0.085	0.242	0.200	0.222	0.246	0.247	0.207	0.085
0:00:00																																																																																
0:00:00																																																																																
0:00:00																																																																																
0:00:00																																																																																
0:00:00																																																																																
0:00:00																																																																																

