600
Kinetic read 1 (0:00:00)
	1	2	3	4	5	6	7	8	9	10	11	12
A	0.084	0.085	0.082	0.084	0.085	0.085	0.086	0.086	0.085	0.083	0.083	0.085	600 Read#1
B	0.085	0.085	0.084	0.084	0.083	0.085	0.085	0.084	0.085	0.083	0.085	0.085	600 Read#1
C	0.084	0.086	0.096	0.191	0.120	0.187	0.146	0.196	0.198	0.312	0.085	0.085	600 Read#1
D	0.082	0.085	0.097	0.191	0.114	0.222	0.148	0.203	0.183	0.317	0.086	0.086	600 Read#1
E	0.085	0.085	0.096	0.192	0.108	0.237	0.110	0.227	0.217	0.349	0.086	0.086	600 Read#1
F	0.084	0.085	0.096	0.193	0.106	0.208	0.103	0.202	0.250	0.288	0.086	0.085	600 Read#1
G	0.084	0.085	0.084	0.087	0.085	0.086	0.087	0.084	0.087	0.085	0.085	0.084	600 Read#1
H	0.086	0.083	0.086	0.087	0.085	0.086	0.086	0.085	0.086	0.085	0.083	0.084	600 Read#1

600
Kinetic read 2 (0:30:00)
	1	2	3	4	5	6	7	8	9	10	11	12
A	0.084	0.085	0.082	0.084	0.085	0.085	0.085	0.085	0.085	0.083	0.083	0.085	600 Read#2
B	0.085	0.085	0.084	0.084	0.083	0.085	0.085	0.083	0.085	0.083	0.085	0.085	600 Read#2
C	0.085	0.085	0.096	0.217	0.119	0.211	0.141	0.216	0.219	0.329	0.085	0.085	600 Read#2
D	0.082	0.085	0.097	0.217	0.109	0.253	0.132	0.243	0.154	0.301	0.086	0.085	600 Read#2
E	0.085	0.085	0.096	0.218	0.101	0.247	0.110	0.239	0.151	0.320	0.086	0.088	600 Read#2
F	0.084	0.085	0.096	0.220	0.104	0.251	0.105	0.217	0.146	0.260	0.086	0.085	600 Read#2
G	0.084	0.085	0.084	0.087	0.085	0.086	0.086	0.084	0.087	0.085	0.084	0.084	600 Read#2
H	0.086	0.083	0.086	0.087	0.085	0.086	0.086	0.085	0.086	0.084	0.084	0.083	600 Read#2

600
Kinetic read 3 (1:00:00)
	1	2	3	4	5	6	7	8	9	10	11	12
A	0.084	0.085	0.082	0.084	0.085	0.085	0.086	0.086	0.085	0.083	0.083	0.085	600 Read#3
B	0.086	0.085	0.084	0.084	0.083	0.085	0.085	0.084	0.085	0.084	0.085	0.085	600 Read#3
C	0.085	0.086	0.096	0.252	0.118	0.295	0.152	0.244	0.191	0.315	0.085	0.085	600 Read#3
D	0.082	0.086	0.096	0.252	0.107	0.288	0.143	0.256	0.126	0.257	0.086	0.086	600 Read#3
E	0.086	0.085	0.096	0.253	0.100	0.273	0.110	0.266	0.128	0.291	0.086	0.097	600 Read#3
F	0.084	0.085	0.096	0.256	0.103	0.294	0.108	0.242	0.131	0.274	0.087	0.085	600 Read#3
G	0.084	0.085	0.084	0.087	0.086	0.088	0.094	0.086	0.089	0.086	0.084	0.084	600 Read#3
H	0.086	0.083	0.086	0.087	0.085	0.086	0.086	0.085	0.086	0.085	0.084	0.083	600 Read#3

600
Kinetic read 4 (1:30:00)
	1	2	3	4	5	6	7	8	9	10	11	12
A	0.085	0.085	0.082	0.084	0.085	0.085	0.086	0.086	0.086	0.083	0.083	0.086	600 Read#4
B	0.086	0.086	0.084	0.084	0.083	0.085	0.086	0.084	0.086	0.084	0.085	0.085	600 Read#4
C	0.085	0.086	0.096	0.299	0.118	0.532	0.151	0.281	0.187	0.304	0.085	0.085	600 Read#4
D	0.083	0.086	0.097	0.298	0.106	0.335	0.143	0.288	0.130	0.249	0.086	0.086	600 Read#4
E	0.086	0.086	0.096	0.292	0.099	0.326	0.108	0.298	0.126	0.279	0.086	0.095	600 Read#4
F	0.084	0.085	0.096	0.297	0.103	0.373	0.110	0.281	0.131	0.372	0.086	0.086	600 Read#4
G	0.084	0.085	0.084	0.087	0.085	0.092	0.117	0.102	0.104	0.095	0.085	0.085	600 Read#4
H	0.086	0.083	0.086	0.087	0.086	0.087	0.087	0.085	0.086	0.085	0.084	0.090	600 Read#4

600
Kinetic read 5 (2:00:00)
	1	2	3	4	5	6	7	8	9	10	11	12
A	0.084	0.085	0.082	0.084	0.085	0.086	0.086	0.086	0.085	0.083	0.083	0.086	600 Read#5
B	0.086	0.086	0.084	0.084	0.083	0.085	0.085	0.084	0.086	0.084	0.085	0.085	600 Read#5
C	0.085	0.086	0.096	0.358	0.119	0.501	0.159	0.330	0.182	0.292	0.085	0.085	600 Read#5
D	0.083	0.086	0.097	0.369	0.105	0.402	0.145	0.313	0.119	0.246	0.086	0.086	600 Read#5
E	0.086	0.086	0.097	0.350	0.099	0.398	0.108	0.364	0.121	0.275	0.086	0.100	600 Read#5
F	0.084	0.085	0.096	0.354	0.104	0.375	0.110	0.334	0.130	0.348	0.086	0.086	600 Read#5
G	0.084	0.085	0.084	0.087	0.085	0.098	0.130	0.114	0.113	0.086	0.085	0.085	600 Read#5
H	0.086	0.083	0.086	0.087	0.086	0.086	0.089	0.085	0.086	0.085	0.084	0.146	600 Read#5

600
Kinetic read 6 (2:30:00)
	1	2	3	4	5	6	7	8	9	10	11	12
A	0.106	0.085	0.083	0.085	0.085	0.086	0.086	0.086	0.085	0.083	0.084	0.086	600 Read#6
B	0.086	0.086	0.084	0.085	0.083	0.085	0.086	0.084	0.086	0.084	0.085	0.085	600 Read#6
C	0.085	0.086	0.096	0.420	0.118	0.545	0.110	0.376	0.185	0.303	0.085	0.085	600 Read#6
D	0.083	0.086	0.097	0.406	0.105	0.434	0.140	0.355	0.123	0.249	0.086	0.088	600 Read#6
E	0.086	0.086	0.096	0.397	0.099	0.481	0.107	0.394	0.123	0.272	0.086	0.189	600 Read#6
F	0.085	0.085	0.096	0.394	0.103	0.416	0.111	0.379	0.130	0.240	0.086	0.086	600 Read#6
G	0.084	0.085	0.084	0.087	0.085	0.103	0.152	0.121	0.115	0.085	0.085	0.085	600 Read#6
H	0.086	0.083	0.086	0.087	0.086	0.086	0.089	0.085	0.086	0.085	0.084	0.259	600 Read#6

600
Kinetic read 7 (3:00:00)
	1	2	3	4	5	6	7	8	9	10	11	12
A	0.130	0.085	0.083	0.085	0.085	0.086	0.086	0.086	0.085	0.083	0.084	0.086	600 Read#7
B	0.086	0.086	0.085	0.085	0.083	0.085	0.085	0.084	0.086	0.084	0.085	0.085	600 Read#7
C	0.086	0.086	0.096	0.510	0.117	0.654	0.160	0.380	0.180	0.286	0.085	0.085	600 Read#7
D	0.083	0.086	0.097	0.490	0.106	0.492	0.135	0.366	0.116	0.310	0.087	0.090	600 Read#7
E	0.086	0.086	0.096	0.487	0.100	0.522	0.108	0.431	0.121	0.263	0.087	0.259	600 Read#7
F	0.085	0.086	0.096	0.490	0.103	0.514	0.112	0.400	0.130	0.241	0.086	0.086	600 Read#7
G	0.084	0.086	0.084	0.087	0.085	0.102	0.157	0.125	0.116	0.085	0.085	0.085	600 Read#7
H	0.086	0.083	0.086	0.087	0.086	0.089	0.091	0.085	0.086	0.085	0.084	0.303	600 Read#7

600
Kinetic read 8 (3:30:00)
	1	2	3	4	5	6	7	8	9	10	11	12
A	0.145	0.088	0.083	0.085	0.085	0.086	0.086	0.086	0.085	0.083	0.083	0.086	600 Read#8
B	0.086	0.086	0.085	0.084	0.083	0.085	0.086	0.084	0.086	0.083	0.085	0.085	600 Read#8
C	0.085	0.086	0.096	0.604	0.116	0.734	0.110	0.436	0.174	0.276	0.085	0.085	600 Read#8
D	0.083	0.086	0.097	0.583	0.108	0.580	0.128	0.396	0.114	0.320	0.086	0.093	600 Read#8
E	0.086	0.086	0.096	0.595	0.101	0.602	0.107	0.431	0.123	0.269	0.087	0.320	600 Read#8
F	0.085	0.086	0.096	0.586	0.103	0.603	0.113	0.392	0.129	0.245	0.087	0.086	600 Read#8
G	0.084	0.085	0.086	0.086	0.086	0.112	0.172	0.126	0.116	0.085	0.085	0.085	600 Read#8
H	0.092	0.083	0.086	0.087	0.086	0.090	0.092	0.085	0.086	0.085	0.090	0.284	600 Read#8

600
Kinetic read 9 (4:00:00)
	1	2	3	4	5	6	7	8	9	10	11	12
A	0.179	0.086	0.083	0.085	0.086	0.086	0.086	0.086	0.085	0.084	0.084	0.087	600 Read#9
B	0.087	0.086	0.085	0.085	0.083	0.086	0.086	0.085	0.086	0.084	0.085	0.086	600 Read#9
C	0.086	0.086	0.096	0.702	0.114	0.781	0.110	0.441	0.169	0.277	0.086	0.085	600 Read#9
D	0.083	0.087	0.097	0.683	0.107	0.685	0.131	0.383	0.119	0.317	0.086	0.096	600 Read#9
E	0.086	0.086	0.097	0.703	0.102	0.710	0.107	0.421	0.116	0.261	0.087	0.331	600 Read#9
F	0.085	0.086	0.096	0.687	0.103	0.711	0.113	0.401	0.125	0.256	0.088	0.086	600 Read#9
G	0.084	0.086	0.087	0.092	0.088	0.114	0.178	0.128	0.113	0.085	0.085	0.086	600 Read#9
H	0.090	0.083	0.086	0.087	0.093	0.091	0.095	0.086	0.086	0.085	0.099	0.267	600 Read#9

600
Kinetic read 10 (4:30:00)
	1	2	3	4	5	6	7	8	9	10	11	12
A	0.186	0.085	0.083	0.085	0.086	0.086	0.086	0.086	0.085	0.084	0.084	0.088	600 Read#10
B	0.086	0.086	0.085	0.085	0.083	0.085	0.086	0.084	0.086	0.084	0.085	0.085	600 Read#10
C	0.086	0.086	0.096	0.780	0.102	0.946	0.111	0.477	0.168	0.269	0.086	0.085	600 Read#10
D	0.083	0.087	0.097	0.761	0.108	0.777	0.131	0.417	0.114	0.323	0.088	0.101	600 Read#10
E	0.086	0.087	0.097	0.782	0.102	0.802	0.107	0.451	0.128	0.267	0.087	0.387	600 Read#10
F	0.085	0.086	0.096	0.771	0.103	0.800	0.115	0.433	0.126	0.259	0.088	0.086	600 Read#10
G	0.084	0.086	0.100	0.103	0.088	0.123	0.201	0.127	0.101	0.085	0.085	0.088	600 Read#10
H	0.089	0.084	0.087	0.088	0.088	0.091	0.096	0.085	0.086	0.085	0.100	0.248	600 Read#10

600
Kinetic read 11 (5:00:00)
	1	2	3	4	5	6	7	8	9	10	11	12
A	0.248	0.090	0.084	0.085	0.086	0.086	0.086	0.086	0.085	0.084	0.084	0.089	600 Read#11
B	0.087	0.086	0.085	0.085	0.083	0.086	0.086	0.085	0.086	0.084	0.085	0.086	600 Read#11
C	0.086	0.087	0.096	0.835	0.103	0.968	0.170	0.509	0.170	0.278	0.086	0.086	600 Read#11
D	0.085	0.087	0.097	0.817	0.106	0.813	0.135	0.445	0.111	0.325	0.091	0.102	600 Read#11
E	0.086	0.091	0.097	0.834	0.102	0.855	0.107	0.519	0.123	0.257	0.088	0.298	600 Read#11
F	0.085	0.086	0.096	0.829	0.103	0.867	0.114	0.462	0.128	0.259	0.088	0.086	600 Read#11
G	0.084	0.086	0.120	0.134	0.089	0.119	0.211	0.126	0.095	0.085	0.085	0.089	600 Read#11
H	0.089	0.084	0.086	0.088	0.087	0.093	0.096	0.086	0.086	0.085	0.096	0.351	600 Read#11

600
Kinetic read 12 (5:30:00)
	1	2	3	4	5	6	7	8	9	10	11	12
A	0.233	0.091	0.083	0.085	0.085	0.086	0.086	0.086	0.085	0.084	0.084	0.086	600 Read#12
B	0.087	0.086	0.085	0.085	0.083	0.085	0.086	0.084	0.086	0.084	0.085	0.085	600 Read#12
C	0.086	0.089	0.096	0.886	0.103	1.023	0.162	0.536	0.162	0.287	0.086	0.085	600 Read#12
D	0.089	0.087	0.097	0.868	0.113	0.940	0.153	0.477	0.114	0.327	0.093	0.104	600 Read#12
E	0.086	0.098	0.097	0.881	0.103	0.919	0.107	0.523	0.124	0.261	0.087	0.296	600 Read#12
F	0.084	0.086	0.096	0.881	0.103	0.913	0.117	0.489	0.127	0.276	0.088	0.086	600 Read#12
G	0.084	0.086	0.137	0.150	0.087	0.125	0.217	0.125	0.092	0.085	0.085	0.086	600 Read#12
H	0.088	0.083	0.087	0.091	0.086	0.092	0.095	0.086	0.086	0.085	0.101	0.253	600 Read#12

600
Kinetic read 13 (6:00:00)
	1	2	3	4	5	6	7	8	9	10	11	12
A	0.108	0.085	0.083	0.085	0.086	0.086	0.086	0.086	0.085	0.084	0.084	0.087	600 Read#13
B	0.087	0.086	0.085	0.085	0.083	0.086	0.086	0.085	0.086	0.084	0.085	0.085	600 Read#13
C	0.087	0.089	0.096	0.929	0.130	1.061	0.124	0.566	0.164	0.330	0.086	0.086	600 Read#13
D	0.091	0.088	0.097	0.911	0.119	0.993	0.157	0.508	0.112	0.335	0.097	0.102	600 Read#13
E	0.086	0.122	0.097	0.923	0.103	0.967	0.108	0.544	0.121	0.261	0.096	0.339	600 Read#13
F	0.085	0.086	0.096	0.923	0.103	0.954	0.122	0.514	0.124	0.293	0.086	0.086	600 Read#13
G	0.084	0.086	0.148	0.197	0.087	0.124	0.248	0.123	0.090	0.085	0.085	0.089	600 Read#13
H	0.086	0.084	0.089	0.102	0.090	0.091	0.094	0.086	0.086	0.085	0.107	0.257	600 Read#13

600
Kinetic read 14 (6:30:00)
	1	2	3	4	5	6	7	8	9	10	11	12
A	0.157	0.096	0.084	0.085	0.086	0.086	0.086	0.086	0.085	0.084	0.084	0.087	600 Read#14
B	0.087	0.086	0.085	0.085	0.083	0.086	0.086	0.085	0.086	0.084	0.086	0.085	600 Read#14
C	0.086	0.089	0.096	0.966	0.111	1.098	0.131	0.594	0.165	0.394	0.086	0.086	600 Read#14
D	0.083	0.097	0.098	0.943	0.120	1.020	0.172	0.531	0.113	0.352	0.101	0.103	600 Read#14
E	0.086	0.133	0.097	0.955	0.100	1.002	0.109	0.571	0.125	0.275	0.101	0.301	600 Read#14
F	0.085	0.086	0.096	0.961	0.104	0.958	0.128	0.540	0.122	0.329	0.088	0.086	600 Read#14
G	0.084	0.086	0.157	0.212	0.087	0.131	0.246	0.122	0.091	0.086	0.085	0.091	600 Read#14
H	0.086	0.084	0.088	0.102	0.116	0.095	0.096	0.086	0.086	0.085	0.106	0.258	600 Read#14

600
Kinetic read 15 (7:00:00)
	1	2	3	4	5	6	7	8	9	10	11	12
A	0.215	0.086	0.084	0.085	0.086	0.086	0.086	0.086	0.085	0.084	0.084	0.087	600 Read#15
B	0.087	0.087	0.085	0.085	0.083	0.086	0.086	0.085	0.086	0.084	0.086	0.085	600 Read#15
C	0.086	0.089	0.096	0.995	0.119	1.111	0.173	0.625	0.159	0.485	0.086	0.086	600 Read#15
D	0.085	0.102	0.097	0.969	0.119	1.040	0.177	0.557	0.112	0.364	0.103	0.103	600 Read#15
E	0.086	0.151	0.099	0.987	0.100	1.031	0.109	0.611	0.125	0.275	0.133	0.290	600 Read#15
F	0.085	0.086	0.096	0.991	0.104	0.926	0.137	0.599	0.123	0.385	0.087	0.086	600 Read#15
G	0.084	0.086	0.190	0.214	0.090	0.129	0.260	0.123	0.091	0.086	0.085	0.090	600 Read#15
H	0.086	0.084	0.088	0.105	0.115	0.096	0.097	0.087	0.086	0.085	0.102	0.197	600 Read#15

600
Kinetic read 16 (7:30:00)
	1	2	3	4	5	6	7	8	9	10	11	12
A	0.205	0.106	0.084	0.085	0.086	0.086	0.086	0.086	0.086	0.084	0.084	0.087	600 Read#16
B	0.087	0.087	0.085	0.085	0.084	0.086	0.086	0.085	0.087	0.084	0.086	0.086	600 Read#16
C	0.086	0.089	0.096	1.033	0.118	1.159	0.161	0.653	0.161	0.569	0.087	0.086	600 Read#16
D	0.107	0.111	0.097	0.994	0.118	1.039	0.178	0.576	0.112	0.371	0.107	0.105	600 Read#16
E	0.086	0.174	0.097	1.010	0.102	1.057	0.111	0.613	0.128	0.263	0.169	0.226	600 Read#16
F	0.085	0.087	0.096	1.016	0.104	1.017	0.146	0.592	0.127	0.461	0.089	0.086	600 Read#16
G	0.084	0.086	0.191	0.243	0.094	0.130	0.245	0.123	0.092	0.086	0.086	0.090	600 Read#16
H	0.086	0.085	0.087	0.123	0.120	0.098	0.095	0.086	0.087	0.085	0.118	0.225	600 Read#16

600
Kinetic read 17 (8:00:00)
	1	2	3	4	5	6	7	8	9	10	11	12
A	0.236	0.095	0.084	0.085	0.086	0.086	0.086	0.086	0.086	0.084	0.084	0.087	600 Read#17
B	0.087	0.086	0.085	0.085	0.084	0.086	0.086	0.085	0.087	0.084	0.086	0.086	600 Read#17
C	0.086	0.090	0.096	1.053	0.111	1.162	0.165	0.681	0.161	0.654	0.086	0.086	600 Read#17
D	0.123	0.118	0.097	1.016	0.120	1.064	0.183	0.597	0.112	0.410	0.107	0.100	600 Read#17
E	0.086	0.170	0.099	1.033	0.139	1.078	0.112	0.628	0.125	0.241	0.174	0.225	600 Read#17
F	0.085	0.086	0.097	1.040	0.104	1.044	0.153	0.616	0.127	0.595	0.087	0.086	600 Read#17
G	0.084	0.086	0.190	0.274	0.093	0.134	0.262	0.124	0.092	0.086	0.085	0.090	600 Read#17
H	0.088	0.085	0.086	0.121	0.126	0.105	0.094	0.088	0.087	0.085	0.115	0.181	600 Read#17

600
Kinetic read 18 (8:30:00)
	1	2	3	4	5	6	7	8	9	10	11	12
A	0.269	0.086	0.084	0.085	0.086	0.086	0.086	0.086	0.086	0.084	0.084	0.087	600 Read#18
B	0.087	0.086	0.085	0.085	0.084	0.086	0.086	0.085	0.087	0.084	0.086	0.085	600 Read#18
C	0.086	0.090	0.096	1.076	0.108	1.180	0.170	0.711	0.151	0.732	0.086	0.086	600 Read#18
D	0.126	0.136	0.099	1.036	0.114	1.089	0.180	0.620	0.110	0.493	0.111	0.105	600 Read#18
E	0.086	0.180	0.098	1.056	0.154	1.102	0.115	0.687	0.129	0.247	0.156	0.236	600 Read#18
F	0.085	0.086	0.097	1.061	0.104	1.061	0.161	0.644	0.126	0.678	0.087	0.086	600 Read#18
G	0.084	0.086	0.185	0.263	0.092	0.140	0.214	0.127	0.093	0.090	0.085	0.092	600 Read#18
H	0.092	0.084	0.087	0.116	0.140	0.109	0.094	0.086	0.087	0.085	0.136	0.155	600 Read#18

600
Kinetic read 19 (9:00:00)
	1	2	3	4	5	6	7	8	9	10	11	12
A	0.259	0.087	0.084	0.085	0.086	0.086	0.087	0.086	0.086	0.084	0.084	0.087	600 Read#19
B	0.087	0.087	0.085	0.085	0.084	0.086	0.086	0.085	0.087	0.084	0.086	0.085	600 Read#19
C	0.086	0.090	0.096	1.097	0.107	1.167	0.198	0.741	0.144	0.784	0.087	0.086	600 Read#19
D	0.138	0.159	0.099	1.058	0.121	1.079	0.186	0.652	0.112	0.547	0.113	0.102	600 Read#19
E	0.086	0.198	0.099	1.081	0.172	1.102	0.116	0.674	0.128	0.281	0.119	0.209	600 Read#19
F	0.085	0.087	0.096	1.087	0.104	1.061	0.165	0.673	0.130	0.826	0.087	0.086	600 Read#19
G	0.084	0.086	0.171	0.267	0.101	0.141	0.286	0.126	0.095	0.092	0.085	0.089	600 Read#19
H	0.092	0.084	0.092	0.132	0.145	0.110	0.094	0.086	0.087	0.086	0.134	0.142	600 Read#19

600
Kinetic read 20 (9:30:00)
	1	2	3	4	5	6	7	8	9	10	11	12
A	0.238	0.094	0.084	0.086	0.086	0.086	0.087	0.087	0.086	0.084	0.085	0.087	600 Read#20
B	0.089	0.087	0.085	0.085	0.084	0.086	0.086	0.085	0.087	0.084	0.086	0.085	600 Read#20
C	0.086	0.088	0.096	1.108	0.106	1.064	0.211	0.761	0.149	0.814	0.086	0.086	600 Read#20
D	0.144	0.183	0.098	1.068	0.114	1.083	0.193	0.669	0.113	0.640	0.115	0.095	600 Read#20
E	0.088	0.182	0.099	1.087	0.108	1.094	0.117	0.693	0.131	0.318	0.169	0.184	600 Read#20
F	0.085	0.087	0.097	1.102	0.105	1.055	0.171	0.700	0.128	0.918	0.087	0.086	600 Read#20
G	0.084	0.086	0.177	0.301	0.105	0.132	0.316	0.128	0.097	0.100	0.086	0.086	600 Read#20
H	0.096	0.084	0.096	0.133	0.148	0.117	0.098	0.089	0.087	0.087	0.138	0.153	600 Read#20

600
Kinetic read 21 (10:00:00)
	1	2	3	4	5	6	7	8	9	10	11	12
A	0.208	0.092	0.084	0.085	0.086	0.086	0.086	0.086	0.086	0.084	0.085	0.087	600 Read#21
B	0.090	0.087	0.086	0.085	0.084	0.086	0.086	0.085	0.087	0.084	0.086	0.086	600 Read#21
C	0.089	0.089	0.096	1.107	0.106	1.060	0.249	0.783	0.148	0.851	0.086	0.086	600 Read#21
D	0.161	0.184	0.097	1.063	0.117	1.073	0.199	0.673	0.113	0.585	0.118	0.096	600 Read#21
E	0.088	0.160	0.099	1.081	0.188	1.086	0.119	0.717	0.128	0.416	0.191	0.192	600 Read#21
F	0.085	0.087	0.097	1.098	0.106	1.055	0.175	0.720	0.128	0.954	0.087	0.086	600 Read#21
G	0.083	0.086	0.205	0.254	0.108	0.136	0.272	0.129	0.099	0.103	0.085	0.086	600 Read#21
H	0.096	0.086	0.096	0.123	0.153	0.121	0.099	0.086	0.087	0.085	0.153	0.137	600 Read#21

600
Kinetic read 22 (0:00:00)
	1	2	3	4	5	6	7	8	9	10	11	12
A													600 Read#22
B													600 Read#22
C													600 Read#22
D													600 Read#22
E													600 Read#22
F													600 Read#22
G													600 Read#22
H													600 Read#22

600
Kinetic read 23 (0:00:00)
	1	2	3	4	5	6	7	8	9	10	11	12
A													600 Read#23
B													600 Read#23
C													600 Read#23
D													600 Read#23
E													600 Read#23
F													600 Read#23
G													600 Read#23
H													600 Read#23

600
Kinetic read 24 (0:00:00)
	1	2	3	4	5	6	7	8	9	10	11	12
A													600 Read#24
B													600 Read#24
C													600 Read#24
D													600 Read#24
E													600 Read#24
F													600 Read#24
G													600 Read#24
H													600 Read#24

600
Kinetic read 25 (0:00:00)
	1	2	3	4	5	6	7	8	9	10	11	12
A													600 Read#25
B													600 Read#25
C													600 Read#25
D													600 Read#25
E													600 Read#25
F													600 Read#25
G													600 Read#25
H													600 Read#25

600
Kinetic read 26 (0:00:00)
	1	2	3	4	5	6	7	8	9	10	11	12
A													600 Read#26
B													600 Read#26
C													600 Read#26
D													600 Read#26
E													600 Read#26
F													600 Read#26
G													600 Read#26
H													600 Read#26

600
Kinetic read 27 (0:00:00)
	1	2	3	4	5	6	7	8	9	10	11	12
A													600 Read#27
B													600 Read#27
C													600 Read#27
D													600 Read#27
E													600 Read#27
F													600 Read#27
G													600 Read#27
H													600 Read#27

600
Kinetic read 28 (0:00:00)
	1	2	3	4	5	6	7	8	9	10	11	12
A													600 Read#28
B													600 Read#28
C													600 Read#28
D													600 Read#28
E													600 Read#28
F													600 Read#28
G													600 Read#28
H													600 Read#28

600
Kinetic read 29 (0:00:00)
	1	2	3	4	5	6	7	8	9	10	11	12
A													600 Read#29
B													600 Read#29
C													600 Read#29
D													600 Read#29
E													600 Read#29
F													600 Read#29
G													600 Read#29
H													600 Read#29

600
Kinetic read 30 (0:00:00)
	1	2	3	4	5	6	7	8	9	10	11	12
A													600 Read#30
B													600 Read#30
C													600 Read#30
D													600 Read#30
E													600 Read#30
F													600 Read#30
G													600 Read#30
H													600 Read#30

600
Kinetic read 31 (0:00:00)
	1	2	3	4	5	6	7	8	9	10	11	12
A													600 Read#31
B													600 Read#31
C													600 Read#31
D													600 Read#31
E													600 Read#31
F													600 Read#31
G													600 Read#31
H													600 Read#31

600
Kinetic read 32 (0:00:00)
	1	2	3	4	5	6	7	8	9	10	11	12
A													600 Read#32
B													600 Read#32
C													600 Read#32
D													600 Read#32
E													600 Read#32
F													600 Read#32
G													600 Read#32
H													600 Read#32

600
Kinetic read 33 (0:00:00)
	1	2	3	4	5	6	7	8	9	10	11	12
A													600 Read#33
B													600 Read#33
C													600 Read#33
D													600 Read#33
E													600 Read#33
F													600 Read#33
G													600 Read#33
H													600 Read#33

600
Kinetic read 34 (0:00:00)
	1	2	3	4	5	6	7	8	9	10	11	12
A													600 Read#34
B													600 Read#34
C													600 Read#34
D													600 Read#34
E													600 Read#34
F													600 Read#34
G													600 Read#34
H													600 Read#34

600
Kinetic read 35 (0:00:00)
	1	2	3	4	5	6	7	8	9	10	11	12
A													600 Read#35
B													600 Read#35
C													600 Read#35
D													600 Read#35
E													600 Read#35
F													600 Read#35
G													600 Read#35
H													600 Read#35

600
Kinetic read 36 (0:00:00)
	1	2	3	4	5	6	7	8	9	10	11	12
A													600 Read#36
B													600 Read#36
C													600 Read#36
D													600 Read#36
E													600 Read#36
F													600 Read#36
G													600 Read#36
H													600 Read#36

600
Kinetic read 37 (0:00:00)
	1	2	3	4	5	6	7	8	9	10	11	12
A													600 Read#37
B													600 Read#37
C													600 Read#37
D													600 Read#37
E													600 Read#37
F													600 Read#37
G													600 Read#37
H													600 Read#37

600
Kinetic read 38 (0:00:00)
	1	2	3	4	5	6	7	8	9	10	11	12
A													600 Read#38
B													600 Read#38
C													600 Read#38
D													600 Read#38
E													600 Read#38
F													600 Read#38
G													600 Read#38
H													600 Read#38

600
Kinetic read 39 (0:00:00)
	1	2	3	4	5	6	7	8	9	10	11	12
A													600 Read#39
B													600 Read#39
C													600 Read#39
D													600 Read#39
E													600 Read#39
F													600 Read#39
G													600 Read#39
H													600 Read#39

600
Kinetic read 40 (0:00:00)
	1	2	3	4	5	6	7	8	9	10	11	12
A													600 Read#40
B													600 Read#40
C													600 Read#40
D													600 Read#40
E													600 Read#40
F													600 Read#40
G													600 Read#40
H													600 Read#40

600
Kinetic read 41 (0:00:00)
	1	2	3	4	5	6	7	8	9	10	11	12
A													600 Read#41
B													600 Read#41
C													600 Read#41
D													600 Read#41
E													600 Read#41
F													600 Read#41
G													600 Read#41
H													600 Read#41

600
Kinetic read 42 (0:00:00)
	1	2	3	4	5	6	7	8	9	10	11	12
A													600 Read#42
B													600 Read#42
C													600 Read#42
D													600 Read#42
E													600 Read#42
F													600 Read#42
G													600 Read#42
H													600 Read#42

600
Kinetic read 43 (0:00:00)
	1	2	3	4	5	6	7	8	9	10	11	12
A													600 Read#43
B													600 Read#43
C													600 Read#43
D													600 Read#43
E													600 Read#43
F													600 Read#43
G													600 Read#43
H													600 Read#43

600
Kinetic read 44 (0:00:00)
	1	2	3	4	5	6	7	8	9	10	11	12
A													600 Read#44
B													600 Read#44
C													600 Read#44
D													600 Read#44
E													600 Read#44
F													600 Read#44
G													600 Read#44
H													600 Read#44

600
Kinetic read 45 (0:00:00)
	1	2	3	4	5	6	7	8	9	10	11	12
A													600 Read#45
B													600 Read#45
C													600 Read#45
D													600 Read#45
E													600 Read#45
F													600 Read#45
G													600 Read#45
H													600 Read#45

600
Kinetic read 46 (0:00:00)
	1	2	3	4	5	6	7	8	9	10	11	12
A													600 Read#46
B													600 Read#46
C													600 Read#46
D													600 Read#46
E													600 Read#46
F													600 Read#46
G													600 Read#46
H													600 Read#46

600
Kinetic read 47 (0:00:00)
	1	2	3	4	5	6	7	8	9	10	11	12
A													600 Read#47
B													600 Read#47
C													600 Read#47
D													600 Read#47
E													600 Read#47
F													600 Read#47
G													600 Read#47
H													600 Read#47

600
Kinetic read 48 (0:00:00)
	1	2	3	4	5	6	7	8	9	10	11	12
A													600 Read#48
B													600 Read#48
C													600 Read#48
D													600 Read#48
E													600 Read#48
F													600 Read#48
G													600 Read#48
H													600 Read#48

600
Kinetic read 49 (0:00:00)
	1	2	3	4	5	6	7	8	9	10	11	12
A													600 Read#49
B													600 Read#49
C													600 Read#49
D													600 Read#49
E													600 Read#49
F													600 Read#49
G													600 Read#49
H													600 Read#49

600

Kinetic read	A1	B1	C1	D1	E1	F1	G1	H1	A2	B2	C2	D2	E2	F2	G2	H2	A3	B3	C3	D3	E3	F3	G3	H3	A4	B4	C4	D4	E4	F4	G4	H4	A5	B5	C5	D5	E5	F5	G5	H5	A6	B6	C6	D6	E6	F6	G6	H6	A7	B7	C7	D7	E7	F7	G7	H7	A8	B8	C8	D8	E8	F8	G8	H8	A9	B9	C9	D9	E9	F9	G9	H9	A10	B10	C10	D10	E10	F10	G10	H10
0:00:00	0.084	0.085	0.084	0.082	0.085	0.084	0.084	0.086	0.085	0.085	0.086	0.085	0.085	0.085	0.085	0.083	0.082	0.084	0.096	0.097	0.096	0.096	0.084	0.086	0.084	0.084	0.191	0.191	0.192	0.193	0.087	0.087	0.085	0.083	0.120	0.114	0.108	0.106	0.085	0.085	0.085	0.085	0.187	0.222	0.237	0.208	0.086	0.086	0.086	0.085	0.146	0.148	0.110	0.103	0.087	0.086	0.086	0.084	0.196	0.203	0.227	0.202	0.084	0.085	0.085	0.085	0.198	0.183	0.217	0.250	0.087	0.086	0.083	0.083	0.312	0.317	0.349	0.288	0.085	0.085
0:30:00	0.084	0.085	0.085	0.082	0.085	0.084	0.084	0.086	0.085	0.085	0.085	0.085	0.085	0.085	0.085	0.083	0.082	0.084	0.096	0.097	0.096	0.096	0.084	0.086	0.084	0.084	0.217	0.217	0.218	0.220	0.087	0.087	0.085	0.083	0.119	0.109	0.101	0.104	0.085	0.085	0.085	0.085	0.211	0.253	0.247	0.251	0.086	0.086	0.085	0.085	0.141	0.132	0.110	0.105	0.086	0.086	0.085	0.083	0.216	0.243	0.239	0.217	0.084	0.085	0.085	0.085	0.219	0.154	0.151	0.146	0.087	0.086	0.083	0.083	0.329	0.301	0.320	0.260	0.085	0.084
1:00:00	0.084	0.086	0.085	0.082	0.086	0.084	0.084	0.086	0.085	0.085	0.086	0.086	0.085	0.085	0.085	0.083	0.082	0.084	0.096	0.096	0.096	0.096	0.084	0.086	0.084	0.084	0.252	0.252	0.253	0.256	0.087	0.087	0.085	0.083	0.118	0.107	0.100	0.103	0.086	0.085	0.085	0.085	0.295	0.288	0.273	0.294	0.088	0.086	0.086	0.085	0.152	0.143	0.110	0.108	0.094	0.086	0.086	0.084	0.244	0.256	0.266	0.242	0.086	0.085	0.085	0.085	0.191	0.126	0.128	0.131	0.089	0.086	0.083	0.084	0.315	0.257	0.291	0.274	0.086	0.085
1:30:00	0.085	0.086	0.085	0.083	0.086	0.084	0.084	0.086	0.085	0.086	0.086	0.086	0.086	0.085	0.085	0.083	0.082	0.084	0.096	0.097	0.096	0.096	0.084	0.086	0.084	0.084	0.299	0.298	0.292	0.297	0.087	0.087	0.085	0.083	0.118	0.106	0.099	0.103	0.085	0.086	0.085	0.085	0.532	0.335	0.326	0.373	0.092	0.087	0.086	0.086	0.151	0.143	0.108	0.110	0.117	0.087	0.086	0.084	0.281	0.288	0.298	0.281	0.102	0.085	0.086	0.086	0.187	0.130	0.126	0.131	0.104	0.086	0.083	0.084	0.304	0.249	0.279	0.372	0.095	0.085
2:00:00	0.084	0.086	0.085	0.083	0.086	0.084	0.084	0.086	0.085	0.086	0.086	0.086	0.086	0.085	0.085	0.083	0.082	0.084	0.096	0.097	0.097	0.096	0.084	0.086	0.084	0.084	0.358	0.369	0.350	0.354	0.087	0.087	0.085	0.083	0.119	0.105	0.099	0.104	0.085	0.086	0.086	0.085	0.501	0.402	0.398	0.375	0.098	0.086	0.086	0.085	0.159	0.145	0.108	0.110	0.130	0.089	0.086	0.084	0.330	0.313	0.364	0.334	0.114	0.085	0.085	0.086	0.182	0.119	0.121	0.130	0.113	0.086	0.083	0.084	0.292	0.246	0.275	0.348	0.086	0.085
2:30:00	0.106	0.086	0.085	0.083	0.086	0.085	0.084	0.086	0.085	0.086	0.086	0.086	0.086	0.085	0.085	0.083	0.083	0.084	0.096	0.097	0.096	0.096	0.084	0.086	0.085	0.085	0.420	0.406	0.397	0.394	0.087	0.087	0.085	0.083	0.118	0.105	0.099	0.103	0.085	0.086	0.086	0.085	0.545	0.434	0.481	0.416	0.103	0.086	0.086	0.086	0.110	0.140	0.107	0.111	0.152	0.089	0.086	0.084	0.376	0.355	0.394	0.379	0.121	0.085	0.085	0.086	0.185	0.123	0.123	0.130	0.115	0.086	0.083	0.084	0.303	0.249	0.272	0.240	0.085	0.085
3:00:00	0.130	0.086	0.086	0.083	0.086	0.085	0.084	0.086	0.085	0.086	0.086	0.086	0.086	0.086	0.086	0.083	0.083	0.085	0.096	0.097	0.096	0.096	0.084	0.086	0.085	0.085	0.510	0.490	0.487	0.490	0.087	0.087	0.085	0.083	0.117	0.106	0.100	0.103	0.085	0.086	0.086	0.085	0.654	0.492	0.522	0.514	0.102	0.089	0.086	0.085	0.160	0.135	0.108	0.112	0.157	0.091	0.086	0.084	0.380	0.366	0.431	0.400	0.125	0.085	0.085	0.086	0.180	0.116	0.121	0.130	0.116	0.086	0.083	0.084	0.286	0.310	0.263	0.241	0.085	0.085
3:30:00	0.145	0.086	0.085	0.083	0.086	0.085	0.084	0.092	0.088	0.086	0.086	0.086	0.086	0.086	0.085	0.083	0.083	0.085	0.096	0.097	0.096	0.096	0.086	0.086	0.085	0.084	0.604	0.583	0.595	0.586	0.086	0.087	0.085	0.083	0.116	0.108	0.101	0.103	0.086	0.086	0.086	0.085	0.734	0.580	0.602	0.603	0.112	0.090	0.086	0.086	0.110	0.128	0.107	0.113	0.172	0.092	0.086	0.084	0.436	0.396	0.431	0.392	0.126	0.085	0.085	0.086	0.174	0.114	0.123	0.129	0.116	0.086	0.083	0.083	0.276	0.320	0.269	0.245	0.085	0.085
4:00:00	0.179	0.087	0.086	0.083	0.086	0.085	0.084	0.090	0.086	0.086	0.086	0.087	0.086	0.086	0.086	0.083	0.083	0.085	0.096	0.097	0.097	0.096	0.087	0.086	0.085	0.085	0.702	0.683	0.703	0.687	0.092	0.087	0.086	0.083	0.114	0.107	0.102	0.103	0.088	0.093	0.086	0.086	0.781	0.685	0.710	0.711	0.114	0.091	0.086	0.086	0.110	0.131	0.107	0.113	0.178	0.095	0.086	0.085	0.441	0.383	0.421	0.401	0.128	0.086	0.085	0.086	0.169	0.119	0.116	0.125	0.113	0.086	0.084	0.084	0.277	0.317	0.261	0.256	0.085	0.085
4:30:00	0.186	0.086	0.086	0.083	0.086	0.085	0.084	0.089	0.085	0.086	0.086	0.087	0.087	0.086	0.086	0.084	0.083	0.085	0.096	0.097	0.097	0.096	0.100	0.087	0.085	0.085	0.780	0.761	0.782	0.771	0.103	0.088	0.086	0.083	0.102	0.108	0.102	0.103	0.088	0.088	0.086	0.085	0.946	0.777	0.802	0.800	0.123	0.091	0.086	0.086	0.111	0.131	0.107	0.115	0.201	0.096	0.086	0.084	0.477	0.417	0.451	0.433	0.127	0.085	0.085	0.086	0.168	0.114	0.128	0.126	0.101	0.086	0.084	0.084	0.269	0.323	0.267	0.259	0.085	0.085
5:00:00	0.248	0.087	0.086	0.085	0.086	0.085	0.084	0.089	0.090	0.086	0.087	0.087	0.091	0.086	0.086	0.084	0.084	0.085	0.096	0.097	0.097	0.096	0.120	0.086	0.085	0.085	0.835	0.817	0.834	0.829	0.134	0.088	0.086	0.083	0.103	0.106	0.102	0.103	0.089	0.087	0.086	0.086	0.968	0.813	0.855	0.867	0.119	0.093	0.086	0.086	0.170	0.135	0.107	0.114	0.211	0.096	0.086	0.085	0.509	0.445	0.519	0.462	0.126	0.086	0.085	0.086	0.170	0.111	0.123	0.128	0.095	0.086	0.084	0.084	0.278	0.325	0.257	0.259	0.085	0.085
5:30:00	0.233	0.087	0.086	0.089	0.086	0.084	0.084	0.088	0.091	0.086	0.089	0.087	0.098	0.086	0.086	0.083	0.083	0.085	0.096	0.097	0.097	0.096	0.137	0.087	0.085	0.085	0.886	0.868	0.881	0.881	0.150	0.091	0.085	0.083	0.103	0.113	0.103	0.103	0.087	0.086	0.086	0.085	1.023	0.940	0.919	0.913	0.125	0.092	0.086	0.086	0.162	0.153	0.107	0.117	0.217	0.095	0.086	0.084	0.536	0.477	0.523	0.489	0.125	0.086	0.085	0.086	0.162	0.114	0.124	0.127	0.092	0.086	0.084	0.084	0.287	0.327	0.261	0.276	0.085	0.085
6:00:00	0.108	0.087	0.087	0.091	0.086	0.085	0.084	0.086	0.085	0.086	0.089	0.088	0.122	0.086	0.086	0.084	0.083	0.085	0.096	0.097	0.097	0.096	0.148	0.089	0.085	0.085	0.929	0.911	0.923	0.923	0.197	0.102	0.086	0.083	0.130	0.119	0.103	0.103	0.087	0.090	0.086	0.086	1.061	0.993	0.967	0.954	0.124	0.091	0.086	0.086	0.124	0.157	0.108	0.122	0.248	0.094	0.086	0.085	0.566	0.508	0.544	0.514	0.123	0.086	0.085	0.086	0.164	0.112	0.121	0.124	0.090	0.086	0.084	0.084	0.330	0.335	0.261	0.293	0.085	0.085
6:30:00	0.157	0.087	0.086	0.083	0.086	0.085	0.084	0.086	0.096	0.086	0.089	0.097	0.133	0.086	0.086	0.084	0.084	0.085	0.096	0.098	0.097	0.096	0.157	0.088	0.085	0.085	0.966	0.943	0.955	0.961	0.212	0.102	0.086	0.083	0.111	0.120	0.100	0.104	0.087	0.116	0.086	0.086	1.098	1.020	1.002	0.958	0.131	0.095	0.086	0.086	0.131	0.172	0.109	0.128	0.246	0.096	0.086	0.085	0.594	0.531	0.571	0.540	0.122	0.086	0.085	0.086	0.165	0.113	0.125	0.122	0.091	0.086	0.084	0.084	0.394	0.352	0.275	0.329	0.086	0.085
7:00:00	0.215	0.087	0.086	0.085	0.086	0.085	0.084	0.086	0.086	0.087	0.089	0.102	0.151	0.086	0.086	0.084	0.084	0.085	0.096	0.097	0.099	0.096	0.190	0.088	0.085	0.085	0.995	0.969	0.987	0.991	0.214	0.105	0.086	0.083	0.119	0.119	0.100	0.104	0.090	0.115	0.086	0.086	1.111	1.040	1.031	0.926	0.129	0.096	0.086	0.086	0.173	0.177	0.109	0.137	0.260	0.097	0.086	0.085	0.625	0.557	0.611	0.599	0.123	0.087	0.085	0.086	0.159	0.112	0.125	0.123	0.091	0.086	0.084	0.084	0.485	0.364	0.275	0.385	0.086	0.085
7:30:00	0.205	0.087	0.086	0.107	0.086	0.085	0.084	0.086	0.106	0.087	0.089	0.111	0.174	0.087	0.086	0.085	0.084	0.085	0.096	0.097	0.097	0.096	0.191	0.087	0.085	0.085	1.033	0.994	1.010	1.016	0.243	0.123	0.086	0.084	0.118	0.118	0.102	0.104	0.094	0.120	0.086	0.086	1.159	1.039	1.057	1.017	0.130	0.098	0.086	0.086	0.161	0.178	0.111	0.146	0.245	0.095	0.086	0.085	0.653	0.576	0.613	0.592	0.123	0.086	0.086	0.087	0.161	0.112	0.128	0.127	0.092	0.087	0.084	0.084	0.569	0.371	0.263	0.461	0.086	0.085
8:00:00	0.236	0.087	0.086	0.123	0.086	0.085	0.084	0.088	0.095	0.086	0.090	0.118	0.170	0.086	0.086	0.085	0.084	0.085	0.096	0.097	0.099	0.097	0.190	0.086	0.085	0.085	1.053	1.016	1.033	1.040	0.274	0.121	0.086	0.084	0.111	0.120	0.139	0.104	0.093	0.126	0.086	0.086	1.162	1.064	1.078	1.044	0.134	0.105	0.086	0.086	0.165	0.183	0.112	0.153	0.262	0.094	0.086	0.085	0.681	0.597	0.628	0.616	0.124	0.088	0.086	0.087	0.161	0.112	0.125	0.127	0.092	0.087	0.084	0.084	0.654	0.410	0.241	0.595	0.086	0.085
8:30:00	0.269	0.087	0.086	0.126	0.086	0.085	0.084	0.092	0.086	0.086	0.090	0.136	0.180	0.086	0.086	0.084	0.084	0.085	0.096	0.099	0.098	0.097	0.185	0.087	0.085	0.085	1.076	1.036	1.056	1.061	0.263	0.116	0.086	0.084	0.108	0.114	0.154	0.104	0.092	0.140	0.086	0.086	1.180	1.089	1.102	1.061	0.140	0.109	0.086	0.086	0.170	0.180	0.115	0.161	0.214	0.094	0.086	0.085	0.711	0.620	0.687	0.644	0.127	0.086	0.086	0.087	0.151	0.110	0.129	0.126	0.093	0.087	0.084	0.084	0.732	0.493	0.247	0.678	0.090	0.085
9:00:00	0.259	0.087	0.086	0.138	0.086	0.085	0.084	0.092	0.087	0.087	0.090	0.159	0.198	0.087	0.086	0.084	0.084	0.085	0.096	0.099	0.099	0.096	0.171	0.092	0.085	0.085	1.097	1.058	1.081	1.087	0.267	0.132	0.086	0.084	0.107	0.121	0.172	0.104	0.101	0.145	0.086	0.086	1.167	1.079	1.102	1.061	0.141	0.110	0.087	0.086	0.198	0.186	0.116	0.165	0.286	0.094	0.086	0.085	0.741	0.652	0.674	0.673	0.126	0.086	0.086	0.087	0.144	0.112	0.128	0.130	0.095	0.087	0.084	0.084	0.784	0.547	0.281	0.826	0.092	0.086
9:30:00	0.238	0.089	0.086	0.144	0.088	0.085	0.084	0.096	0.094	0.087	0.088	0.183	0.182	0.087	0.086	0.084	0.084	0.085	0.096	0.098	0.099	0.097	0.177	0.096	0.086	0.085	1.108	1.068	1.087	1.102	0.301	0.133	0.086	0.084	0.106	0.114	0.108	0.105	0.105	0.148	0.086	0.086	1.064	1.083	1.094	1.055	0.132	0.117	0.087	0.086	0.211	0.193	0.117	0.171	0.316	0.098	0.087	0.085	0.761	0.669	0.693	0.700	0.128	0.089	0.086	0.087	0.149	0.113	0.131	0.128	0.097	0.087	0.084	0.084	0.814	0.640	0.318	0.918	0.100	0.087
10:00:00	0.208	0.090	0.089	0.161	0.088	0.085	0.083	0.096	0.092	0.087	0.089	0.184	0.160	0.087	0.086	0.086	0.084	0.086	0.096	0.097	0.099	0.097	0.205	0.096	0.085	0.085	1.107	1.063	1.081	1.098	0.254	0.123	0.086	0.084	0.106	0.117	0.188	0.106	0.108	0.153	0.086	0.086	1.060	1.073	1.086	1.055	0.136	0.121	0.086	0.086	0.249	0.199	0.119	0.175	0.272	0.099	0.086	0.085	0.783	0.673	0.717	0.720	0.129	0.086	0.086	0.087	0.148	0.113	0.128	0.128	0.099	0.087	0.084	0.084	0.851	0.585	0.416	0.954	0.103	0.085
0:00:00																																																																																
0:00:00																																																																																
0:00:00																																																																																
0:00:00																																																																																
0:00:00																																																																																
0:00:00																																																																																
0:00:00																																																																																
0:00:00																																																																																
0:00:00																																																																																
0:00:00																																																																																
0:00:00																																																																																
0:00:00																																																																																
0:00:00																																																																																
0:00:00																																																																																
0:00:00																																																																																
0:00:00																																																																																
0:00:00																																																																																
0:00:00																																																																																
0:00:00																																																																																
0:00:00																																																																																
0:00:00																																																																																
0:00:00																																																																																
0:00:00																																																																																
0:00:00																																																																																
0:00:00																																																																																
0:00:00																																																																																
0:00:00																																																																																
0:00:00																																																																																

