600
Kinetic read 1 (0:00:00)
	1	2	3	4	5	6	7	8	9	10	11	12
A	0.085	0.083	0.084	0.085	0.085	0.085	0.085	0.084	0.084	0.082	0.082	0.085	600 Read#1
B	0.085	0.084	0.087	0.082	0.083	0.085	0.085	0.084	0.083	0.084	0.084	0.083	600 Read#1
C	0.085	0.085	0.097	0.160	0.156	0.168	0.096	0.146	0.216	0.228	0.085	0.083	600 Read#1
D	0.085	0.085	0.097	0.161	0.149	0.170	0.097	0.145	0.253	0.227	0.085	0.085	600 Read#1
E	0.084	0.085	0.097	0.161	0.152	0.181	0.094	0.145	0.180	0.232	0.085	0.085	600 Read#1
F	0.085	0.084	0.096	0.160	0.163	0.184	0.094	0.143	0.204	0.254	0.085	0.086	600 Read#1
G	0.082	0.084	0.084	0.084	0.085	0.085	0.084	0.083	0.085	0.084	0.085	0.084	600 Read#1
H	0.083	0.083	0.086	0.085	0.085	0.086	0.085	0.084	0.085	0.082	0.083	0.085	600 Read#1

600
Kinetic read 2 (0:30:00)
	1	2	3	4	5	6	7	8	9	10	11	12
A	0.085	0.083	0.084	0.085	0.084	0.085	0.085	0.084	0.084	0.082	0.083	0.085	600 Read#2
B	0.085	0.084	0.087	0.082	0.083	0.085	0.085	0.084	0.083	0.084	0.084	0.083	600 Read#2
C	0.085	0.085	0.097	0.201	0.151	0.170	0.096	0.144	0.177	0.176	0.085	0.083	600 Read#2
D	0.085	0.085	0.097	0.202	0.150	0.172	0.097	0.147	0.191	0.201	0.085	0.085	600 Read#2
E	0.084	0.084	0.097	0.202	0.151	0.173	0.093	0.148	0.150	0.205	0.085	0.085	600 Read#2
F	0.085	0.084	0.096	0.201	0.165	0.179	0.094	0.146	0.183	0.275	0.085	0.085	600 Read#2
G	0.082	0.084	0.084	0.084	0.085	0.085	0.083	0.083	0.084	0.084	0.085	0.084	600 Read#2
H	0.083	0.083	0.086	0.084	0.084	0.086	0.085	0.084	0.085	0.082	0.083	0.085	600 Read#2

600
Kinetic read 3 (1:00:00)
	1	2	3	4	5	6	7	8	9	10	11	12
A	0.086	0.084	0.085	0.086	0.085	0.085	0.086	0.085	0.085	0.082	0.083	0.085	600 Read#3
B	0.086	0.085	0.087	0.082	0.083	0.085	0.085	0.084	0.083	0.084	0.084	0.083	600 Read#3
C	0.086	0.085	0.097	0.268	0.142	0.172	0.096	0.139	0.143	0.172	0.085	0.083	600 Read#3
D	0.086	0.086	0.097	0.269	0.143	0.176	0.097	0.148	0.175	0.211	0.085	0.085	600 Read#3
E	0.085	0.085	0.097	0.267	0.145	0.174	0.093	0.148	0.135	0.214	0.086	0.086	600 Read#3
F	0.086	0.084	0.096	0.268	0.146	0.176	0.095	0.147	0.175	0.259	0.087	0.086	600 Read#3
G	0.083	0.084	0.084	0.084	0.086	0.087	0.086	0.091	0.086	0.085	0.086	0.084	600 Read#3
H	0.084	0.084	0.087	0.085	0.085	0.086	0.085	0.084	0.085	0.082	0.083	0.085	600 Read#3

600
Kinetic read 4 (1:30:00)
	1	2	3	4	5	6	7	8	9	10	11	12
A	0.086	0.084	0.085	0.086	0.085	0.085	0.085	0.085	0.085	0.082	0.083	0.085	600 Read#4
B	0.086	0.085	0.087	0.082	0.083	0.085	0.085	0.084	0.084	0.084	0.084	0.083	600 Read#4
C	0.086	0.085	0.097	0.341	0.136	0.177	0.096	0.138	0.135	0.168	0.085	0.083	600 Read#4
D	0.086	0.086	0.097	0.340	0.138	0.175	0.097	0.147	0.167	0.204	0.087	0.085	600 Read#4
E	0.085	0.085	0.097	0.339	0.140	0.172	0.094	0.147	0.136	0.219	0.100	0.086	600 Read#4
F	0.086	0.084	0.096	0.341	0.139	0.177	0.096	0.147	0.172	0.229	0.097	0.086	600 Read#4
G	0.083	0.084	0.085	0.084	0.086	0.088	0.087	0.098	0.100	0.101	0.095	0.084	600 Read#4
H	0.084	0.084	0.086	0.085	0.085	0.086	0.086	0.103	0.085	0.082	0.083	0.086	600 Read#4

600
Kinetic read 5 (2:00:00)
	1	2	3	4	5	6	7	8	9	10	11	12
A	0.094	0.084	0.085	0.086	0.085	0.085	0.086	0.085	0.085	0.082	0.083	0.085	600 Read#5
B	0.086	0.085	0.088	0.083	0.083	0.085	0.085	0.084	0.087	0.084	0.084	0.084	600 Read#5
C	0.086	0.086	0.097	0.450	0.134	0.185	0.096	0.134	0.131	0.163	0.085	0.083	600 Read#5
D	0.086	0.086	0.097	0.450	0.136	0.181	0.096	0.144	0.154	0.195	0.095	0.085	600 Read#5
E	0.085	0.085	0.098	0.446	0.142	0.203	0.094	0.146	0.133	0.205	0.110	0.086	600 Read#5
F	0.086	0.085	0.096	0.450	0.137	0.180	0.096	0.147	0.161	0.205	0.103	0.086	600 Read#5
G	0.083	0.085	0.085	0.085	0.086	0.088	0.087	0.148	0.111	0.113	0.105	0.084	600 Read#5
H	0.084	0.084	0.087	0.085	0.085	0.086	0.086	0.159	0.086	0.082	0.083	0.096	600 Read#5

600
Kinetic read 6 (2:30:00)
	1	2	3	4	5	6	7	8	9	10	11	12
A	0.116	0.085	0.085	0.086	0.085	0.085	0.086	0.085	0.085	0.082	0.083	0.085	600 Read#6
B	0.086	0.086	0.088	0.083	0.083	0.085	0.085	0.084	0.086	0.084	0.084	0.084	600 Read#6
C	0.087	0.086	0.097	0.591	0.136	0.198	0.096	0.133	0.135	0.152	0.085	0.084	600 Read#6
D	0.086	0.086	0.097	0.593	0.135	0.189	0.097	0.142	0.147	0.183	0.099	0.085	600 Read#6
E	0.085	0.085	0.099	0.590	0.138	0.175	0.094	0.145	0.128	0.198	0.117	0.086	600 Read#6
F	0.086	0.085	0.096	0.595	0.136	0.187	0.096	0.146	0.165	0.197	0.109	0.086	600 Read#6
G	0.083	0.085	0.085	0.085	0.086	0.088	0.087	0.255	0.121	0.123	0.110	0.084	600 Read#6
H	0.084	0.084	0.087	0.085	0.085	0.086	0.100	0.197	0.086	0.082	0.084	0.118	600 Read#6

600
Kinetic read 7 (3:00:00)
	1	2	3	4	5	6	7	8	9	10	11	12
A	0.158	0.084	0.085	0.086	0.085	0.085	0.086	0.085	0.085	0.083	0.083	0.086	600 Read#7
B	0.086	0.086	0.088	0.083	0.083	0.086	0.085	0.084	0.083	0.084	0.084	0.084	600 Read#7
C	0.087	0.086	0.097	0.740	0.131	0.227	0.096	0.132	0.140	0.159	0.085	0.084	600 Read#7
D	0.086	0.086	0.097	0.737	0.129	0.207	0.096	0.144	0.143	0.188	0.091	0.085	600 Read#7
E	0.085	0.086	0.106	0.736	0.135	0.234	0.094	0.143	0.129	0.201	0.119	0.086	600 Read#7
F	0.086	0.085	0.096	0.742	0.130	0.208	0.096	0.146	0.164	0.201	0.111	0.086	600 Read#7
G	0.083	0.085	0.085	0.085	0.086	0.088	0.087	0.261	0.129	0.130	0.110	0.084	600 Read#7
H	0.084	0.084	0.087	0.085	0.085	0.087	0.104	0.145	0.089	0.082	0.084	0.179	600 Read#7

600
Kinetic read 8 (3:30:00)
	1	2	3	4	5	6	7	8	9	10	11	12
A	0.191	0.084	0.085	0.086	0.085	0.086	0.086	0.085	0.085	0.083	0.083	0.086	600 Read#8
B	0.086	0.086	0.090	0.083	0.084	0.086	0.085	0.084	0.086	0.085	0.084	0.084	600 Read#8
C	0.087	0.086	0.097	0.847	0.137	0.287	0.096	0.131	0.146	0.160	0.085	0.084	600 Read#8
D	0.086	0.086	0.097	0.839	0.128	0.243	0.096	0.144	0.138	0.181	0.086	0.086	600 Read#8
E	0.085	0.085	0.104	0.841	0.130	0.198	0.094	0.139	0.128	0.168	0.117	0.086	600 Read#8
F	0.086	0.085	0.096	0.848	0.132	0.248	0.097	0.147	0.153	0.212	0.112	0.086	600 Read#8
G	0.083	0.085	0.085	0.085	0.086	0.089	0.101	0.302	0.136	0.135	0.111	0.084	600 Read#8
H	0.093	0.084	0.087	0.085	0.085	0.086	0.123	0.123	0.087	0.082	0.084	0.246	600 Read#8

600
Kinetic read 9 (4:00:00)
	1	2	3	4	5	6	7	8	9	10	11	12
A	0.228	0.086	0.085	0.087	0.086	0.086	0.086	0.085	0.085	0.083	0.083	0.086	600 Read#9
B	0.086	0.085	0.088	0.083	0.084	0.086	0.086	0.084	0.083	0.084	0.084	0.084	600 Read#9
C	0.087	0.086	0.097	0.936	0.140	0.356	0.096	0.131	0.144	0.137	0.085	0.084	600 Read#9
D	0.086	0.086	0.097	0.924	0.128	0.308	0.096	0.143	0.136	0.173	0.086	0.086	600 Read#9
E	0.085	0.085	0.101	0.928	0.131	0.283	0.095	0.138	0.127	0.160	0.110	0.086	600 Read#9
F	0.086	0.085	0.096	0.934	0.127	0.307	0.097	0.145	0.159	0.186	0.112	0.086	600 Read#9
G	0.083	0.085	0.085	0.085	0.086	0.089	0.088	0.270	0.141	0.139	0.101	0.084	600 Read#9
H	0.095	0.084	0.087	0.085	0.085	0.086	0.111	0.261	0.086	0.082	0.084	0.227	600 Read#9

600
Kinetic read 10 (4:30:00)
	1	2	3	4	5	6	7	8	9	10	11	12
A	0.241	0.094	0.085	0.087	0.085	0.086	0.086	0.085	0.085	0.083	0.083	0.086	600 Read#10
B	0.086	0.086	0.096	0.094	0.084	0.086	0.085	0.084	0.083	0.084	0.084	0.084	600 Read#10
C	0.086	0.086	0.097	1.019	0.135	0.437	0.096	0.132	0.142	0.135	0.085	0.084	600 Read#10
D	0.086	0.086	0.097	1.005	0.131	0.383	0.097	0.143	0.133	0.190	0.086	0.085	600 Read#10
E	0.085	0.103	0.101	1.011	0.134	0.307	0.095	0.139	0.125	0.161	0.086	0.086	600 Read#10
F	0.086	0.085	0.096	1.015	0.130	0.387	0.097	0.146	0.151	0.192	0.112	0.086	600 Read#10
G	0.083	0.085	0.086	0.085	0.086	0.089	0.088	0.353	0.148	0.144	0.089	0.085	600 Read#10
H	0.088	0.085	0.087	0.085	0.085	0.086	0.086	0.291	0.087	0.082	0.084	0.317	600 Read#10

600
Kinetic read 11 (5:00:00)
	1	2	3	4	5	6	7	8	9	10	11	12
A	0.290	0.098	0.085	0.093	0.085	0.086	0.086	0.086	0.085	0.083	0.083	0.086	600 Read#11
B	0.086	0.085	0.095	0.093	0.084	0.086	0.086	0.084	0.089	0.084	0.084	0.084	600 Read#11
C	0.086	0.086	0.097	1.075	0.135	0.507	0.096	0.134	0.141	0.135	0.085	0.084	600 Read#11
D	0.086	0.086	0.098	1.062	0.127	0.459	0.097	0.144	0.132	0.165	0.086	0.086	600 Read#11
E	0.085	0.134	0.106	1.068	0.129	0.428	0.095	0.139	0.125	0.160	0.086	0.087	600 Read#11
F	0.086	0.085	0.096	1.072	0.126	0.453	0.097	0.147	0.155	0.183	0.110	0.086	600 Read#11
G	0.083	0.085	0.090	0.085	0.086	0.089	0.088	0.353	0.153	0.148	0.087	0.085	600 Read#11
H	0.090	0.094	0.087	0.085	0.085	0.086	0.086	0.243	0.087	0.082	0.084	0.282	600 Read#11

600
Kinetic read 12 (5:30:00)
	1	2	3	4	5	6	7	8	9	10	11	12
A	0.272	0.085	0.086	0.091	0.086	0.086	0.086	0.086	0.086	0.083	0.083	0.086	600 Read#12
B	0.086	0.086	0.098	0.084	0.084	0.086	0.086	0.084	0.084	0.084	0.084	0.084	600 Read#12
C	0.086	0.086	0.097	1.119	0.129	0.591	0.096	0.141	0.149	0.135	0.085	0.084	600 Read#12
D	0.086	0.087	0.097	1.108	0.131	0.531	0.097	0.146	0.133	0.157	0.087	0.086	600 Read#12
E	0.085	0.146	0.104	1.115	0.129	0.483	0.095	0.141	0.124	0.153	0.086	0.087	600 Read#12
F	0.086	0.085	0.097	1.118	0.128	0.522	0.098	0.151	0.154	0.222	0.105	0.086	600 Read#12
G	0.083	0.085	0.090	0.085	0.086	0.089	0.089	0.339	0.158	0.152	0.087	0.085	600 Read#12
H	0.105	0.103	0.087	0.085	0.085	0.086	0.100	0.262	0.087	0.082	0.090	0.334	600 Read#12

600
Kinetic read 13 (6:00:00)
	1	2	3	4	5	6	7	8	9	10	11	12
A	0.293	0.085	0.086	0.096	0.086	0.086	0.087	0.086	0.086	0.083	0.084	0.086	600 Read#13
B	0.086	0.087	0.089	0.107	0.084	0.086	0.086	0.085	0.084	0.085	0.085	0.084	600 Read#13
C	0.086	0.087	0.097	1.154	0.146	0.653	0.096	0.155	0.164	0.135	0.085	0.084	600 Read#13
D	0.086	0.087	0.098	1.142	0.128	0.623	0.097	0.153	0.132	0.152	0.086	0.086	600 Read#13
E	0.085	0.176	0.104	1.149	0.134	0.542	0.095	0.149	0.127	0.150	0.087	0.095	600 Read#13
F	0.087	0.086	0.098	1.152	0.126	0.602	0.099	0.162	0.148	0.214	0.100	0.086	600 Read#13
G	0.084	0.086	0.091	0.085	0.087	0.090	0.090	0.362	0.167	0.158	0.087	0.085	600 Read#13
H	0.108	0.106	0.088	0.086	0.086	0.087	0.088	0.150	0.086	0.083	0.102	0.258	600 Read#13

600
Kinetic read 14 (6:30:00)
	1	2	3	4	5	6	7	8	9	10	11	12
A	0.288	0.085	0.087	0.089	0.086	0.086	0.087	0.086	0.086	0.083	0.084	0.086	600 Read#14
B	0.086	0.087	0.091	0.093	0.084	0.086	0.086	0.085	0.086	0.085	0.085	0.084	600 Read#14
C	0.086	0.087	0.097	1.188	0.146	0.704	0.096	0.183	0.150	0.131	0.085	0.084	600 Read#14
D	0.086	0.087	0.098	1.172	0.129	0.689	0.097	0.168	0.128	0.149	0.086	0.086	600 Read#14
E	0.085	0.187	0.102	1.178	0.129	0.613	0.095	0.168	0.126	0.152	0.088	0.091	600 Read#14
F	0.086	0.085	0.098	1.181	0.126	0.659	0.100	0.181	0.149	0.204	0.097	0.086	600 Read#14
G	0.084	0.088	0.091	0.085	0.087	0.090	0.109	0.366	0.168	0.162	0.087	0.091	600 Read#14
H	0.115	0.118	0.088	0.086	0.086	0.086	0.131	0.179	0.086	0.083	0.088	0.369	600 Read#14

600
Kinetic read 15 (7:00:00)
	1	2	3	4	5	6	7	8	9	10	11	12
A	0.227	0.085	0.086	0.095	0.086	0.086	0.087	0.086	0.086	0.083	0.084	0.086	600 Read#15
B	0.086	0.086	0.094	0.085	0.084	0.086	0.086	0.085	0.084	0.085	0.085	0.085	600 Read#15
C	0.086	0.087	0.097	1.214	0.143	0.750	0.096	0.233	0.151	0.135	0.085	0.084	600 Read#15
D	0.087	0.088	0.098	1.202	0.129	0.753	0.097	0.200	0.128	0.147	0.089	0.086	600 Read#15
E	0.086	0.202	0.103	1.208	0.130	0.672	0.097	0.208	0.125	0.150	0.090	0.112	600 Read#15
F	0.086	0.085	0.097	1.210	0.126	0.708	0.101	0.221	0.149	0.211	0.095	0.086	600 Read#15
G	0.084	0.088	0.091	0.085	0.087	0.090	0.108	0.375	0.176	0.172	0.088	0.085	600 Read#15
H	0.108	0.133	0.087	0.086	0.086	0.087	0.138	0.281	0.086	0.085	0.103	0.309	600 Read#15

600
Kinetic read 16 (7:30:00)
	1	2	3	4	5	6	7	8	9	10	11	12
A	0.220	0.096	0.086	0.087	0.085	0.086	0.086	0.086	0.086	0.083	0.084	0.086	600 Read#16
B	0.086	0.086	0.102	0.106	0.084	0.086	0.086	0.085	0.084	0.085	0.085	0.085	600 Read#16
C	0.086	0.087	0.097	1.238	0.139	0.793	0.096	0.326	0.155	0.136	0.085	0.084	600 Read#16
D	0.087	0.089	0.098	1.224	0.128	0.809	0.097	0.258	0.133	0.143	0.088	0.086	600 Read#16
E	0.086	0.209	0.104	1.231	0.130	0.719	0.097	0.281	0.126	0.149	0.101	0.110	600 Read#16
F	0.086	0.085	0.097	1.233	0.124	0.762	0.102	0.287	0.160	0.196	0.093	0.086	600 Read#16
G	0.084	0.088	0.094	0.085	0.087	0.090	0.135	0.382	0.183	0.175	0.089	0.085	600 Read#16
H	0.115	0.126	0.087	0.086	0.086	0.086	0.140	0.302	0.087	0.083	0.109	0.334	600 Read#16

600
Kinetic read 17 (8:00:00)
	1	2	3	4	5	6	7	8	9	10	11	12
A	0.206	0.107	0.086	0.087	0.087	0.086	0.087	0.086	0.086	0.084	0.084	0.086	600 Read#17
B	0.086	0.086	0.117	0.108	0.084	0.086	0.086	0.085	0.084	0.085	0.085	0.087	600 Read#17
C	0.086	0.087	0.098	1.259	0.141	0.911	0.097	0.446	0.166	0.130	0.085	0.084	600 Read#17
D	0.087	0.100	0.098	1.245	0.130	0.893	0.097	0.356	0.129	0.143	0.095	0.086	600 Read#17
E	0.086	0.237	0.114	1.254	0.128	0.771	0.097	0.394	0.124	0.154	0.101	0.126	600 Read#17
F	0.086	0.089	0.098	1.255	0.123	0.818	0.102	0.394	0.148	0.188	0.092	0.086	600 Read#17
G	0.084	0.089	0.093	0.085	0.087	0.090	0.143	0.418	0.178	0.242	0.092	0.085	600 Read#17
H	0.108	0.134	0.089	0.087	0.086	0.087	0.121	0.276	0.086	0.083	0.105	0.343	600 Read#17

600
Kinetic read 18 (8:30:00)
	1	2	3	4	5	6	7	8	9	10	11	12
A	0.172	0.094	0.086	0.089	0.086	0.086	0.087	0.086	0.086	0.084	0.084	0.086	600 Read#18
B	0.086	0.086	0.118	0.088	0.084	0.086	0.086	0.085	0.084	0.087	0.085	0.088	600 Read#18
C	0.087	0.087	0.098	1.280	0.138	0.974	0.097	0.584	0.155	0.128	0.085	0.084	600 Read#18
D	0.089	0.098	0.097	1.267	0.129	0.958	0.097	0.490	0.125	0.145	0.095	0.086	600 Read#18
E	0.086	0.232	0.109	1.273	0.129	0.818	0.098	0.540	0.125	0.146	0.107	0.125	600 Read#18
F	0.086	0.092	0.098	1.276	0.124	0.914	0.108	0.537	0.150	0.169	0.092	0.087	600 Read#18
G	0.084	0.090	0.094	0.085	0.087	0.090	0.180	0.373	0.181	0.186	0.097	0.085	600 Read#18
H	0.109	0.123	0.088	0.086	0.086	0.087	0.130	0.312	0.086	0.083	0.112	0.357	600 Read#18

600
Kinetic read 19 (9:00:00)
	1	2	3	4	5	6	7	8	9	10	11	12
A	0.207	0.094	0.086	0.099	0.086	0.086	0.086	0.086	0.086	0.084	0.084	0.086	600 Read#19
B	0.086	0.086	0.123	0.137	0.084	0.086	0.086	0.085	0.084	0.088	0.085	0.087	600 Read#19
C	0.087	0.087	0.097	1.298	0.136	1.038	0.097	0.726	0.158	0.130	0.085	0.084	600 Read#19
D	0.094	0.102	0.098	1.290	0.128	1.026	0.097	0.657	0.130	0.145	0.088	0.086	600 Read#19
E	0.086	0.268	0.113	1.301	0.133	0.872	0.098	0.696	0.124	0.147	0.111	0.137	600 Read#19
F	0.086	0.091	0.098	1.302	0.123	1.006	0.108	0.688	0.148	0.156	0.093	0.086	600 Read#19
G	0.084	0.092	0.094	0.085	0.087	0.090	0.245	0.444	0.189	0.224	0.101	0.085	600 Read#19
H	0.114	0.130	0.089	0.087	0.087	0.087	0.155	0.353	0.097	0.092	0.088	0.341	600 Read#19

600
Kinetic read 20 (9:30:00)
	1	2	3	4	5	6	7	8	9	10	11	12
A	0.308	0.117	0.086	0.088	0.086	0.086	0.087	0.086	0.086	0.084	0.084	0.086	600 Read#20
B	0.089	0.086	0.131	0.144	0.084	0.086	0.086	0.085	0.084	0.089	0.085	0.087	600 Read#20
C	0.087	0.087	0.097	1.293	0.139	1.082	0.097	0.818	0.145	0.128	0.085	0.084	600 Read#20
D	0.095	0.110	0.098	1.288	0.127	1.042	0.098	0.769	0.126	0.139	0.100	0.086	600 Read#20
E	0.086	0.244	0.103	1.294	0.133	0.923	0.099	0.799	0.125	0.147	0.105	0.159	600 Read#20
F	0.086	0.090	0.099	1.294	0.124	1.006	0.109	0.790	0.146	0.149	0.093	0.086	600 Read#20
G	0.083	0.091	0.094	0.085	0.087	0.090	0.211	0.419	0.201	0.240	0.106	0.086	600 Read#20
H	0.121	0.112	0.088	0.086	0.086	0.087	0.165	0.332	0.092	0.083	0.123	0.370	600 Read#20

600
Kinetic read 21 (10:00:00)
	1	2	3	4	5	6	7	8	9	10	11	12
A	0.286	0.127	0.086	0.100	0.086	0.086	0.087	0.086	0.086	0.085	0.084	0.086	600 Read#21
B	0.094	0.086	0.107	0.154	0.084	0.086	0.086	0.085	0.084	0.093	0.085	0.086	600 Read#21
C	0.087	0.087	0.098	1.285	0.135	1.135	0.097	0.899	0.169	0.130	0.085	0.084	600 Read#21
D	0.098	0.112	0.098	1.276	0.129	1.088	0.098	0.860	0.129	0.140	0.105	0.086	600 Read#21
E	0.086	0.236	0.104	1.283	0.130	0.980	0.099	0.886	0.126	0.150	0.115	0.173	600 Read#21
F	0.086	0.095	0.099	1.288	0.124	1.040	0.109	0.874	0.152	0.149	0.094	0.087	600 Read#21
G	0.084	0.094	0.094	0.085	0.087	0.090	0.280	0.435	0.209	0.233	0.109	0.107	600 Read#21
H	0.104	0.114	0.089	0.086	0.105	0.087	0.171	0.326	0.089	0.084	0.117	0.370	600 Read#21

600
Kinetic read 22 (10:30:00)
	1	2	3	4	5	6	7	8	9	10	11	12
A	0.248	0.127	0.088	0.087	0.086	0.086	0.086	0.086	0.086	0.084	0.084	0.086	600 Read#22
B	0.095	0.086	0.118	0.183	0.084	0.086	0.086	0.085	0.084	0.094	0.085	0.084	600 Read#22
C	0.087	0.088	0.098	1.280	0.134	1.144	0.097	0.970	0.166	0.129	0.085	0.084	600 Read#22
D	0.098	0.116	0.099	1.269	0.125	1.131	0.098	0.938	0.128	0.141	0.117	0.086	600 Read#22
E	0.086	0.240	0.102	1.276	0.127	1.032	0.099	0.962	0.124	0.185	0.123	0.186	600 Read#22
F	0.086	0.093	0.099	1.279	0.124	1.074	0.110	0.948	0.151	0.151	0.095	0.087	600 Read#22
G	0.084	0.095	0.096	0.085	0.087	0.090	0.214	0.380	0.226	0.323	0.113	0.091	600 Read#22
H	0.116	0.127	0.089	0.086	0.100	0.092	0.183	0.340	0.096	0.083	0.105	0.380	600 Read#22

600
Kinetic read 23 (11:00:00)
	1	2	3	4	5	6	7	8	9	10	11	12
A	0.186	0.129	0.086	0.098	0.086	0.086	0.086	0.086	0.086	0.084	0.084	0.086	600 Read#23
B	0.089	0.086	0.122	0.205	0.084	0.086	0.086	0.085	0.085	0.105	0.085	0.084	600 Read#23
C	0.087	0.087	0.097	1.276	0.133	1.178	0.097	1.038	0.154	0.129	0.086	0.084	600 Read#23
D	0.091	0.125	0.099	1.264	0.125	1.163	0.098	1.012	0.130	0.140	0.110	0.086	600 Read#23
E	0.086	0.183	0.106	1.271	0.132	1.087	0.100	1.033	0.123	0.157	0.118	0.185	600 Read#23
F	0.086	0.094	0.099	1.274	0.123	1.096	0.111	1.018	0.151	0.161	0.097	0.087	600 Read#23
G	0.083	0.095	0.097	0.085	0.087	0.090	0.328	0.349	0.217	0.204	0.115	0.088	600 Read#23
H	0.112	0.130	0.088	0.088	0.134	0.096	0.156	0.290	0.108	0.083	0.095	0.338	600 Read#23

600
Kinetic read 24 (11:30:00)
	1	2	3	4	5	6	7	8	9	10	11	12
A	0.221	0.126	0.088	0.094	0.086	0.086	0.087	0.086	0.086	0.084	0.084	0.086	600 Read#24
B	0.087	0.086	0.133	0.191	0.084	0.086	0.087	0.085	0.084	0.103	0.085	0.084	600 Read#24
C	0.087	0.087	0.098	1.274	0.133	1.213	0.097	1.101	0.168	0.127	0.085	0.084	600 Read#24
D	0.087	0.143	0.098	1.262	0.125	1.186	0.099	1.083	0.128	0.143	0.124	0.086	600 Read#24
E	0.086	0.224	0.112	1.269	0.130	1.108	0.100	1.098	0.125	0.174	0.123	0.229	600 Read#24
F	0.086	0.099	0.098	1.271	0.123	1.120	0.112	1.085	0.160	0.151	0.098	0.087	600 Read#24
G	0.084	0.094	0.096	0.085	0.087	0.090	0.291	0.367	0.235	0.297	0.119	0.101	600 Read#24
H	0.115	0.137	0.091	0.087	0.151	0.096	0.218	0.313	0.115	0.083	0.096	0.330	600 Read#24

600
Kinetic read 25 (12:00:00)
	1	2	3	4	5	6	7	8	9	10	11	12
A	0.337	0.131	0.090	0.101	0.086	0.086	0.087	0.086	0.086	0.084	0.085	0.086	600 Read#25
B	0.087	0.086	0.138	0.226	0.084	0.086	0.086	0.085	0.088	0.122	0.085	0.084	600 Read#25
C	0.087	0.087	0.098	1.274	0.133	1.252	0.098	1.148	0.153	0.129	0.086	0.084	600 Read#25
D	0.087	0.140	0.098	1.260	0.127	1.241	0.099	1.136	0.129	0.142	0.133	0.090	600 Read#25
E	0.086	0.235	0.111	1.266	0.128	1.136	0.100	1.145	0.124	0.189	0.114	0.218	600 Read#25
F	0.086	0.095	0.099	1.270	0.124	1.149	0.112	1.134	0.163	0.158	0.099	0.087	600 Read#25
G	0.084	0.095	0.096	0.088	0.087	0.090	0.299	0.340	0.219	0.310	0.120	0.118	600 Read#25
H	0.120	0.145	0.092	0.087	0.171	0.096	0.220	0.331	0.116	0.083	0.109	0.375	600 Read#25

600
Kinetic read 26 (12:30:00)
	1	2	3	4	5	6	7	8	9	10	11	12
A	0.339	0.130	0.088	0.087	0.086	0.086	0.086	0.086	0.086	0.084	0.084	0.086	600 Read#26
B	0.090	0.086	0.150	0.214	0.085	0.086	0.086	0.085	0.091	0.130	0.085	0.084	600 Read#26
C	0.087	0.087	0.098	1.273	0.134	1.252	0.098	1.190	0.169	0.128	0.087	0.084	600 Read#26
D	0.091	0.151	0.099	1.260	0.125	1.273	0.099	1.177	0.131	0.154	0.125	0.086	600 Read#26
E	0.086	0.291	0.106	1.267	0.130	1.170	0.105	1.184	0.124	0.224	0.117	0.237	600 Read#26
F	0.086	0.103	0.099	1.269	0.122	1.183	0.111	1.172	0.157	0.205	0.100	0.087	600 Read#26
G	0.085	0.098	0.098	0.089	0.092	0.090	0.245	0.404	0.251	0.334	0.123	0.147	600 Read#26
H	0.133	0.151	0.088	0.089	0.191	0.101	0.204	0.277	0.130	0.084	0.106	0.345	600 Read#26

600
Kinetic read 27 (13:00:00)
	1	2	3	4	5	6	7	8	9	10	11	12
A	0.298	0.130	0.089	0.087	0.086	0.086	0.087	0.086	0.087	0.084	0.085	0.086	600 Read#27
B	0.090	0.089	0.155	0.223	0.085	0.087	0.087	0.085	0.097	0.137	0.085	0.086	600 Read#27
C	0.087	0.087	0.098	1.274	0.131	1.280	0.098	1.224	0.159	0.128	0.086	0.084	600 Read#27
D	0.098	0.165	0.098	1.259	0.127	1.281	0.099	1.213	0.129	0.174	0.153	0.087	600 Read#27
E	0.086	0.285	0.107	1.264	0.128	1.189	0.106	1.216	0.123	0.268	0.140	0.249	600 Read#27
F	0.086	0.101	0.099	1.270	0.120	1.204	0.112	1.206	0.149	0.244	0.105	0.087	600 Read#27
G	0.087	0.092	0.100	0.088	0.087	0.092	0.254	0.430	0.237	0.372	0.125	0.166	600 Read#27
H	0.130	0.153	0.092	0.087	0.194	0.102	0.196	0.336	0.144	0.084	0.120	0.349	600 Read#27

600
Kinetic read 28 (0:00:00)
	1	2	3	4	5	6	7	8	9	10	11	12
A													600 Read#28
B													600 Read#28
C													600 Read#28
D													600 Read#28
E													600 Read#28
F													600 Read#28
G													600 Read#28
H													600 Read#28

600
Kinetic read 29 (0:00:00)
	1	2	3	4	5	6	7	8	9	10	11	12
A													600 Read#29
B													600 Read#29
C													600 Read#29
D													600 Read#29
E													600 Read#29
F													600 Read#29
G													600 Read#29
H													600 Read#29

600
Kinetic read 30 (0:00:00)
	1	2	3	4	5	6	7	8	9	10	11	12
A													600 Read#30
B													600 Read#30
C													600 Read#30
D													600 Read#30
E													600 Read#30
F													600 Read#30
G													600 Read#30
H													600 Read#30

600
Kinetic read 31 (0:00:00)
	1	2	3	4	5	6	7	8	9	10	11	12
A													600 Read#31
B													600 Read#31
C													600 Read#31
D													600 Read#31
E													600 Read#31
F													600 Read#31
G													600 Read#31
H													600 Read#31

600
Kinetic read 32 (0:00:00)
	1	2	3	4	5	6	7	8	9	10	11	12
A													600 Read#32
B													600 Read#32
C													600 Read#32
D													600 Read#32
E													600 Read#32
F													600 Read#32
G													600 Read#32
H													600 Read#32

600
Kinetic read 33 (0:00:00)
	1	2	3	4	5	6	7	8	9	10	11	12
A													600 Read#33
B													600 Read#33
C													600 Read#33
D													600 Read#33
E													600 Read#33
F													600 Read#33
G													600 Read#33
H													600 Read#33

600
Kinetic read 34 (0:00:00)
	1	2	3	4	5	6	7	8	9	10	11	12
A													600 Read#34
B													600 Read#34
C													600 Read#34
D													600 Read#34
E													600 Read#34
F													600 Read#34
G													600 Read#34
H													600 Read#34

600
Kinetic read 35 (0:00:00)
	1	2	3	4	5	6	7	8	9	10	11	12
A													600 Read#35
B													600 Read#35
C													600 Read#35
D													600 Read#35
E													600 Read#35
F													600 Read#35
G													600 Read#35
H													600 Read#35

600
Kinetic read 36 (0:00:00)
	1	2	3	4	5	6	7	8	9	10	11	12
A													600 Read#36
B													600 Read#36
C													600 Read#36
D													600 Read#36
E													600 Read#36
F													600 Read#36
G													600 Read#36
H													600 Read#36

600
Kinetic read 37 (0:00:00)
	1	2	3	4	5	6	7	8	9	10	11	12
A													600 Read#37
B													600 Read#37
C													600 Read#37
D													600 Read#37
E													600 Read#37
F													600 Read#37
G													600 Read#37
H													600 Read#37

600
Kinetic read 38 (0:00:00)
	1	2	3	4	5	6	7	8	9	10	11	12
A													600 Read#38
B													600 Read#38
C													600 Read#38
D													600 Read#38
E													600 Read#38
F													600 Read#38
G													600 Read#38
H													600 Read#38

600
Kinetic read 39 (0:00:00)
	1	2	3	4	5	6	7	8	9	10	11	12
A													600 Read#39
B													600 Read#39
C													600 Read#39
D													600 Read#39
E													600 Read#39
F													600 Read#39
G													600 Read#39
H													600 Read#39

600
Kinetic read 40 (0:00:00)
	1	2	3	4	5	6	7	8	9	10	11	12
A													600 Read#40
B													600 Read#40
C													600 Read#40
D													600 Read#40
E													600 Read#40
F													600 Read#40
G													600 Read#40
H													600 Read#40

600
Kinetic read 41 (0:00:00)
	1	2	3	4	5	6	7	8	9	10	11	12
A													600 Read#41
B													600 Read#41
C													600 Read#41
D													600 Read#41
E													600 Read#41
F													600 Read#41
G													600 Read#41
H													600 Read#41

600
Kinetic read 42 (0:00:00)
	1	2	3	4	5	6	7	8	9	10	11	12
A													600 Read#42
B													600 Read#42
C													600 Read#42
D													600 Read#42
E													600 Read#42
F													600 Read#42
G													600 Read#42
H													600 Read#42

600
Kinetic read 43 (0:00:00)
	1	2	3	4	5	6	7	8	9	10	11	12
A													600 Read#43
B													600 Read#43
C													600 Read#43
D													600 Read#43
E													600 Read#43
F													600 Read#43
G													600 Read#43
H													600 Read#43

600
Kinetic read 44 (0:00:00)
	1	2	3	4	5	6	7	8	9	10	11	12
A													600 Read#44
B													600 Read#44
C													600 Read#44
D													600 Read#44
E													600 Read#44
F													600 Read#44
G													600 Read#44
H													600 Read#44

600
Kinetic read 45 (0:00:00)
	1	2	3	4	5	6	7	8	9	10	11	12
A													600 Read#45
B													600 Read#45
C													600 Read#45
D													600 Read#45
E													600 Read#45
F													600 Read#45
G													600 Read#45
H													600 Read#45

600
Kinetic read 46 (0:00:00)
	1	2	3	4	5	6	7	8	9	10	11	12
A													600 Read#46
B													600 Read#46
C													600 Read#46
D													600 Read#46
E													600 Read#46
F													600 Read#46
G													600 Read#46
H													600 Read#46

600
Kinetic read 47 (0:00:00)
	1	2	3	4	5	6	7	8	9	10	11	12
A													600 Read#47
B													600 Read#47
C													600 Read#47
D													600 Read#47
E													600 Read#47
F													600 Read#47
G													600 Read#47
H													600 Read#47

600
Kinetic read 48 (0:00:00)
	1	2	3	4	5	6	7	8	9	10	11	12
A													600 Read#48
B													600 Read#48
C													600 Read#48
D													600 Read#48
E													600 Read#48
F													600 Read#48
G													600 Read#48
H													600 Read#48

600
Kinetic read 49 (0:00:00)
	1	2	3	4	5	6	7	8	9	10	11	12
A													600 Read#49
B													600 Read#49
C													600 Read#49
D													600 Read#49
E													600 Read#49
F													600 Read#49
G													600 Read#49
H													600 Read#49

600

Kinetic read	A1	B1	C1	D1	E1	F1	G1	H1	A2	B2	C2	D2	E2	F2	G2	H2	A3	B3	C3	D3	E3	F3	G3	H3	A4	B4	C4	D4	E4	F4	G4	H4	A5	B5	C5	D5	E5	F5	G5	H5	A6	B6	C6	D6	E6	F6	G6	H6	A7	B7	C7	D7	E7	F7	G7	H7	A8	B8	C8	D8	E8	F8	G8	H8	A9	B9	C9	D9	E9	F9	G9	H9	A10	B10	C10	D10	E10	F10	G10	H10
0:00:00	0.085	0.085	0.085	0.085	0.084	0.085	0.082	0.083	0.083	0.084	0.085	0.085	0.085	0.084	0.084	0.083	0.084	0.087	0.097	0.097	0.097	0.096	0.084	0.086	0.085	0.082	0.160	0.161	0.161	0.160	0.084	0.085	0.085	0.083	0.156	0.149	0.152	0.163	0.085	0.085	0.085	0.085	0.168	0.170	0.181	0.184	0.085	0.086	0.085	0.085	0.096	0.097	0.094	0.094	0.084	0.085	0.084	0.084	0.146	0.145	0.145	0.143	0.083	0.084	0.084	0.083	0.216	0.253	0.180	0.204	0.085	0.085	0.082	0.084	0.228	0.227	0.232	0.254	0.084	0.082
0:30:00	0.085	0.085	0.085	0.085	0.084	0.085	0.082	0.083	0.083	0.084	0.085	0.085	0.084	0.084	0.084	0.083	0.084	0.087	0.097	0.097	0.097	0.096	0.084	0.086	0.085	0.082	0.201	0.202	0.202	0.201	0.084	0.084	0.084	0.083	0.151	0.150	0.151	0.165	0.085	0.084	0.085	0.085	0.170	0.172	0.173	0.179	0.085	0.086	0.085	0.085	0.096	0.097	0.093	0.094	0.083	0.085	0.084	0.084	0.144	0.147	0.148	0.146	0.083	0.084	0.084	0.083	0.177	0.191	0.150	0.183	0.084	0.085	0.082	0.084	0.176	0.201	0.205	0.275	0.084	0.082
1:00:00	0.086	0.086	0.086	0.086	0.085	0.086	0.083	0.084	0.084	0.085	0.085	0.086	0.085	0.084	0.084	0.084	0.085	0.087	0.097	0.097	0.097	0.096	0.084	0.087	0.086	0.082	0.268	0.269	0.267	0.268	0.084	0.085	0.085	0.083	0.142	0.143	0.145	0.146	0.086	0.085	0.085	0.085	0.172	0.176	0.174	0.176	0.087	0.086	0.086	0.085	0.096	0.097	0.093	0.095	0.086	0.085	0.085	0.084	0.139	0.148	0.148	0.147	0.091	0.084	0.085	0.083	0.143	0.175	0.135	0.175	0.086	0.085	0.082	0.084	0.172	0.211	0.214	0.259	0.085	0.082
1:30:00	0.086	0.086	0.086	0.086	0.085	0.086	0.083	0.084	0.084	0.085	0.085	0.086	0.085	0.084	0.084	0.084	0.085	0.087	0.097	0.097	0.097	0.096	0.085	0.086	0.086	0.082	0.341	0.340	0.339	0.341	0.084	0.085	0.085	0.083	0.136	0.138	0.140	0.139	0.086	0.085	0.085	0.085	0.177	0.175	0.172	0.177	0.088	0.086	0.085	0.085	0.096	0.097	0.094	0.096	0.087	0.086	0.085	0.084	0.138	0.147	0.147	0.147	0.098	0.103	0.085	0.084	0.135	0.167	0.136	0.172	0.100	0.085	0.082	0.084	0.168	0.204	0.219	0.229	0.101	0.082
2:00:00	0.094	0.086	0.086	0.086	0.085	0.086	0.083	0.084	0.084	0.085	0.086	0.086	0.085	0.085	0.085	0.084	0.085	0.088	0.097	0.097	0.098	0.096	0.085	0.087	0.086	0.083	0.450	0.450	0.446	0.450	0.085	0.085	0.085	0.083	0.134	0.136	0.142	0.137	0.086	0.085	0.085	0.085	0.185	0.181	0.203	0.180	0.088	0.086	0.086	0.085	0.096	0.096	0.094	0.096	0.087	0.086	0.085	0.084	0.134	0.144	0.146	0.147	0.148	0.159	0.085	0.087	0.131	0.154	0.133	0.161	0.111	0.086	0.082	0.084	0.163	0.195	0.205	0.205	0.113	0.082
2:30:00	0.116	0.086	0.087	0.086	0.085	0.086	0.083	0.084	0.085	0.086	0.086	0.086	0.085	0.085	0.085	0.084	0.085	0.088	0.097	0.097	0.099	0.096	0.085	0.087	0.086	0.083	0.591	0.593	0.590	0.595	0.085	0.085	0.085	0.083	0.136	0.135	0.138	0.136	0.086	0.085	0.085	0.085	0.198	0.189	0.175	0.187	0.088	0.086	0.086	0.085	0.096	0.097	0.094	0.096	0.087	0.100	0.085	0.084	0.133	0.142	0.145	0.146	0.255	0.197	0.085	0.086	0.135	0.147	0.128	0.165	0.121	0.086	0.082	0.084	0.152	0.183	0.198	0.197	0.123	0.082
3:00:00	0.158	0.086	0.087	0.086	0.085	0.086	0.083	0.084	0.084	0.086	0.086	0.086	0.086	0.085	0.085	0.084	0.085	0.088	0.097	0.097	0.106	0.096	0.085	0.087	0.086	0.083	0.740	0.737	0.736	0.742	0.085	0.085	0.085	0.083	0.131	0.129	0.135	0.130	0.086	0.085	0.085	0.086	0.227	0.207	0.234	0.208	0.088	0.087	0.086	0.085	0.096	0.096	0.094	0.096	0.087	0.104	0.085	0.084	0.132	0.144	0.143	0.146	0.261	0.145	0.085	0.083	0.140	0.143	0.129	0.164	0.129	0.089	0.083	0.084	0.159	0.188	0.201	0.201	0.130	0.082
3:30:00	0.191	0.086	0.087	0.086	0.085	0.086	0.083	0.093	0.084	0.086	0.086	0.086	0.085	0.085	0.085	0.084	0.085	0.090	0.097	0.097	0.104	0.096	0.085	0.087	0.086	0.083	0.847	0.839	0.841	0.848	0.085	0.085	0.085	0.084	0.137	0.128	0.130	0.132	0.086	0.085	0.086	0.086	0.287	0.243	0.198	0.248	0.089	0.086	0.086	0.085	0.096	0.096	0.094	0.097	0.101	0.123	0.085	0.084	0.131	0.144	0.139	0.147	0.302	0.123	0.085	0.086	0.146	0.138	0.128	0.153	0.136	0.087	0.083	0.085	0.160	0.181	0.168	0.212	0.135	0.082
4:00:00	0.228	0.086	0.087	0.086	0.085	0.086	0.083	0.095	0.086	0.085	0.086	0.086	0.085	0.085	0.085	0.084	0.085	0.088	0.097	0.097	0.101	0.096	0.085	0.087	0.087	0.083	0.936	0.924	0.928	0.934	0.085	0.085	0.086	0.084	0.140	0.128	0.131	0.127	0.086	0.085	0.086	0.086	0.356	0.308	0.283	0.307	0.089	0.086	0.086	0.086	0.096	0.096	0.095	0.097	0.088	0.111	0.085	0.084	0.131	0.143	0.138	0.145	0.270	0.261	0.085	0.083	0.144	0.136	0.127	0.159	0.141	0.086	0.083	0.084	0.137	0.173	0.160	0.186	0.139	0.082
4:30:00	0.241	0.086	0.086	0.086	0.085	0.086	0.083	0.088	0.094	0.086	0.086	0.086	0.103	0.085	0.085	0.085	0.085	0.096	0.097	0.097	0.101	0.096	0.086	0.087	0.087	0.094	1.019	1.005	1.011	1.015	0.085	0.085	0.085	0.084	0.135	0.131	0.134	0.130	0.086	0.085	0.086	0.086	0.437	0.383	0.307	0.387	0.089	0.086	0.086	0.085	0.096	0.097	0.095	0.097	0.088	0.086	0.085	0.084	0.132	0.143	0.139	0.146	0.353	0.291	0.085	0.083	0.142	0.133	0.125	0.151	0.148	0.087	0.083	0.084	0.135	0.190	0.161	0.192	0.144	0.082
5:00:00	0.290	0.086	0.086	0.086	0.085	0.086	0.083	0.090	0.098	0.085	0.086	0.086	0.134	0.085	0.085	0.094	0.085	0.095	0.097	0.098	0.106	0.096	0.090	0.087	0.093	0.093	1.075	1.062	1.068	1.072	0.085	0.085	0.085	0.084	0.135	0.127	0.129	0.126	0.086	0.085	0.086	0.086	0.507	0.459	0.428	0.453	0.089	0.086	0.086	0.086	0.096	0.097	0.095	0.097	0.088	0.086	0.086	0.084	0.134	0.144	0.139	0.147	0.353	0.243	0.085	0.089	0.141	0.132	0.125	0.155	0.153	0.087	0.083	0.084	0.135	0.165	0.160	0.183	0.148	0.082
5:30:00	0.272	0.086	0.086	0.086	0.085	0.086	0.083	0.105	0.085	0.086	0.086	0.087	0.146	0.085	0.085	0.103	0.086	0.098	0.097	0.097	0.104	0.097	0.090	0.087	0.091	0.084	1.119	1.108	1.115	1.118	0.085	0.085	0.086	0.084	0.129	0.131	0.129	0.128	0.086	0.085	0.086	0.086	0.591	0.531	0.483	0.522	0.089	0.086	0.086	0.086	0.096	0.097	0.095	0.098	0.089	0.100	0.086	0.084	0.141	0.146	0.141	0.151	0.339	0.262	0.086	0.084	0.149	0.133	0.124	0.154	0.158	0.087	0.083	0.084	0.135	0.157	0.153	0.222	0.152	0.082
6:00:00	0.293	0.086	0.086	0.086	0.085	0.087	0.084	0.108	0.085	0.087	0.087	0.087	0.176	0.086	0.086	0.106	0.086	0.089	0.097	0.098	0.104	0.098	0.091	0.088	0.096	0.107	1.154	1.142	1.149	1.152	0.085	0.086	0.086	0.084	0.146	0.128	0.134	0.126	0.087	0.086	0.086	0.086	0.653	0.623	0.542	0.602	0.090	0.087	0.087	0.086	0.096	0.097	0.095	0.099	0.090	0.088	0.086	0.085	0.155	0.153	0.149	0.162	0.362	0.150	0.086	0.084	0.164	0.132	0.127	0.148	0.167	0.086	0.083	0.085	0.135	0.152	0.150	0.214	0.158	0.083
6:30:00	0.288	0.086	0.086	0.086	0.085	0.086	0.084	0.115	0.085	0.087	0.087	0.087	0.187	0.085	0.088	0.118	0.087	0.091	0.097	0.098	0.102	0.098	0.091	0.088	0.089	0.093	1.188	1.172	1.178	1.181	0.085	0.086	0.086	0.084	0.146	0.129	0.129	0.126	0.087	0.086	0.086	0.086	0.704	0.689	0.613	0.659	0.090	0.086	0.087	0.086	0.096	0.097	0.095	0.100	0.109	0.131	0.086	0.085	0.183	0.168	0.168	0.181	0.366	0.179	0.086	0.086	0.150	0.128	0.126	0.149	0.168	0.086	0.083	0.085	0.131	0.149	0.152	0.204	0.162	0.083
7:00:00	0.227	0.086	0.086	0.087	0.086	0.086	0.084	0.108	0.085	0.086	0.087	0.088	0.202	0.085	0.088	0.133	0.086	0.094	0.097	0.098	0.103	0.097	0.091	0.087	0.095	0.085	1.214	1.202	1.208	1.210	0.085	0.086	0.086	0.084	0.143	0.129	0.130	0.126	0.087	0.086	0.086	0.086	0.750	0.753	0.672	0.708	0.090	0.087	0.087	0.086	0.096	0.097	0.097	0.101	0.108	0.138	0.086	0.085	0.233	0.200	0.208	0.221	0.375	0.281	0.086	0.084	0.151	0.128	0.125	0.149	0.176	0.086	0.083	0.085	0.135	0.147	0.150	0.211	0.172	0.085
7:30:00	0.220	0.086	0.086	0.087	0.086	0.086	0.084	0.115	0.096	0.086	0.087	0.089	0.209	0.085	0.088	0.126	0.086	0.102	0.097	0.098	0.104	0.097	0.094	0.087	0.087	0.106	1.238	1.224	1.231	1.233	0.085	0.086	0.085	0.084	0.139	0.128	0.130	0.124	0.087	0.086	0.086	0.086	0.793	0.809	0.719	0.762	0.090	0.086	0.086	0.086	0.096	0.097	0.097	0.102	0.135	0.140	0.086	0.085	0.326	0.258	0.281	0.287	0.382	0.302	0.086	0.084	0.155	0.133	0.126	0.160	0.183	0.087	0.083	0.085	0.136	0.143	0.149	0.196	0.175	0.083
8:00:00	0.206	0.086	0.086	0.087	0.086	0.086	0.084	0.108	0.107	0.086	0.087	0.100	0.237	0.089	0.089	0.134	0.086	0.117	0.098	0.098	0.114	0.098	0.093	0.089	0.087	0.108	1.259	1.245	1.254	1.255	0.085	0.087	0.087	0.084	0.141	0.130	0.128	0.123	0.087	0.086	0.086	0.086	0.911	0.893	0.771	0.818	0.090	0.087	0.087	0.086	0.097	0.097	0.097	0.102	0.143	0.121	0.086	0.085	0.446	0.356	0.394	0.394	0.418	0.276	0.086	0.084	0.166	0.129	0.124	0.148	0.178	0.086	0.084	0.085	0.130	0.143	0.154	0.188	0.242	0.083
8:30:00	0.172	0.086	0.087	0.089	0.086	0.086	0.084	0.109	0.094	0.086	0.087	0.098	0.232	0.092	0.090	0.123	0.086	0.118	0.098	0.097	0.109	0.098	0.094	0.088	0.089	0.088	1.280	1.267	1.273	1.276	0.085	0.086	0.086	0.084	0.138	0.129	0.129	0.124	0.087	0.086	0.086	0.086	0.974	0.958	0.818	0.914	0.090	0.087	0.087	0.086	0.097	0.097	0.098	0.108	0.180	0.130	0.086	0.085	0.584	0.490	0.540	0.537	0.373	0.312	0.086	0.084	0.155	0.125	0.125	0.150	0.181	0.086	0.084	0.087	0.128	0.145	0.146	0.169	0.186	0.083
9:00:00	0.207	0.086	0.087	0.094	0.086	0.086	0.084	0.114	0.094	0.086	0.087	0.102	0.268	0.091	0.092	0.130	0.086	0.123	0.097	0.098	0.113	0.098	0.094	0.089	0.099	0.137	1.298	1.290	1.301	1.302	0.085	0.087	0.086	0.084	0.136	0.128	0.133	0.123	0.087	0.087	0.086	0.086	1.038	1.026	0.872	1.006	0.090	0.087	0.086	0.086	0.097	0.097	0.098	0.108	0.245	0.155	0.086	0.085	0.726	0.657	0.696	0.688	0.444	0.353	0.086	0.084	0.158	0.130	0.124	0.148	0.189	0.097	0.084	0.088	0.130	0.145	0.147	0.156	0.224	0.092
9:30:00	0.308	0.089	0.087	0.095	0.086	0.086	0.083	0.121	0.117	0.086	0.087	0.110	0.244	0.090	0.091	0.112	0.086	0.131	0.097	0.098	0.103	0.099	0.094	0.088	0.088	0.144	1.293	1.288	1.294	1.294	0.085	0.086	0.086	0.084	0.139	0.127	0.133	0.124	0.087	0.086	0.086	0.086	1.082	1.042	0.923	1.006	0.090	0.087	0.087	0.086	0.097	0.098	0.099	0.109	0.211	0.165	0.086	0.085	0.818	0.769	0.799	0.790	0.419	0.332	0.086	0.084	0.145	0.126	0.125	0.146	0.201	0.092	0.084	0.089	0.128	0.139	0.147	0.149	0.240	0.083
10:00:00	0.286	0.094	0.087	0.098	0.086	0.086	0.084	0.104	0.127	0.086	0.087	0.112	0.236	0.095	0.094	0.114	0.086	0.107	0.098	0.098	0.104	0.099	0.094	0.089	0.100	0.154	1.285	1.276	1.283	1.288	0.085	0.086	0.086	0.084	0.135	0.129	0.130	0.124	0.087	0.105	0.086	0.086	1.135	1.088	0.980	1.040	0.090	0.087	0.087	0.086	0.097	0.098	0.099	0.109	0.280	0.171	0.086	0.085	0.899	0.860	0.886	0.874	0.435	0.326	0.086	0.084	0.169	0.129	0.126	0.152	0.209	0.089	0.085	0.093	0.130	0.140	0.150	0.149	0.233	0.084
10:30:00	0.248	0.095	0.087	0.098	0.086	0.086	0.084	0.116	0.127	0.086	0.088	0.116	0.240	0.093	0.095	0.127	0.088	0.118	0.098	0.099	0.102	0.099	0.096	0.089	0.087	0.183	1.280	1.269	1.276	1.279	0.085	0.086	0.086	0.084	0.134	0.125	0.127	0.124	0.087	0.100	0.086	0.086	1.144	1.131	1.032	1.074	0.090	0.092	0.086	0.086	0.097	0.098	0.099	0.110	0.214	0.183	0.086	0.085	0.970	0.938	0.962	0.948	0.380	0.340	0.086	0.084	0.166	0.128	0.124	0.151	0.226	0.096	0.084	0.094	0.129	0.141	0.185	0.151	0.323	0.083
11:00:00	0.186	0.089	0.087	0.091	0.086	0.086	0.083	0.112	0.129	0.086	0.087	0.125	0.183	0.094	0.095	0.130	0.086	0.122	0.097	0.099	0.106	0.099	0.097	0.088	0.098	0.205	1.276	1.264	1.271	1.274	0.085	0.088	0.086	0.084	0.133	0.125	0.132	0.123	0.087	0.134	0.086	0.086	1.178	1.163	1.087	1.096	0.090	0.096	0.086	0.086	0.097	0.098	0.100	0.111	0.328	0.156	0.086	0.085	1.038	1.012	1.033	1.018	0.349	0.290	0.086	0.085	0.154	0.130	0.123	0.151	0.217	0.108	0.084	0.105	0.129	0.140	0.157	0.161	0.204	0.083
11:30:00	0.221	0.087	0.087	0.087	0.086	0.086	0.084	0.115	0.126	0.086	0.087	0.143	0.224	0.099	0.094	0.137	0.088	0.133	0.098	0.098	0.112	0.098	0.096	0.091	0.094	0.191	1.274	1.262	1.269	1.271	0.085	0.087	0.086	0.084	0.133	0.125	0.130	0.123	0.087	0.151	0.086	0.086	1.213	1.186	1.108	1.120	0.090	0.096	0.087	0.087	0.097	0.099	0.100	0.112	0.291	0.218	0.086	0.085	1.101	1.083	1.098	1.085	0.367	0.313	0.086	0.084	0.168	0.128	0.125	0.160	0.235	0.115	0.084	0.103	0.127	0.143	0.174	0.151	0.297	0.083
12:00:00	0.337	0.087	0.087	0.087	0.086	0.086	0.084	0.120	0.131	0.086	0.087	0.140	0.235	0.095	0.095	0.145	0.090	0.138	0.098	0.098	0.111	0.099	0.096	0.092	0.101	0.226	1.274	1.260	1.266	1.270	0.088	0.087	0.086	0.084	0.133	0.127	0.128	0.124	0.087	0.171	0.086	0.086	1.252	1.241	1.136	1.149	0.090	0.096	0.087	0.086	0.098	0.099	0.100	0.112	0.299	0.220	0.086	0.085	1.148	1.136	1.145	1.134	0.340	0.331	0.086	0.088	0.153	0.129	0.124	0.163	0.219	0.116	0.084	0.122	0.129	0.142	0.189	0.158	0.310	0.083
12:30:00	0.339	0.090	0.087	0.091	0.086	0.086	0.085	0.133	0.130	0.086	0.087	0.151	0.291	0.103	0.098	0.151	0.088	0.150	0.098	0.099	0.106	0.099	0.098	0.088	0.087	0.214	1.273	1.260	1.267	1.269	0.089	0.089	0.086	0.085	0.134	0.125	0.130	0.122	0.092	0.191	0.086	0.086	1.252	1.273	1.170	1.183	0.090	0.101	0.086	0.086	0.098	0.099	0.105	0.111	0.245	0.204	0.086	0.085	1.190	1.177	1.184	1.172	0.404	0.277	0.086	0.091	0.169	0.131	0.124	0.157	0.251	0.130	0.084	0.130	0.128	0.154	0.224	0.205	0.334	0.084
13:00:00	0.298	0.090	0.087	0.098	0.086	0.086	0.087	0.130	0.130	0.089	0.087	0.165	0.285	0.101	0.092	0.153	0.089	0.155	0.098	0.098	0.107	0.099	0.100	0.092	0.087	0.223	1.274	1.259	1.264	1.270	0.088	0.087	0.086	0.085	0.131	0.127	0.128	0.120	0.087	0.194	0.086	0.087	1.280	1.281	1.189	1.204	0.092	0.102	0.087	0.087	0.098	0.099	0.106	0.112	0.254	0.196	0.086	0.085	1.224	1.213	1.216	1.206	0.430	0.336	0.087	0.097	0.159	0.129	0.123	0.149	0.237	0.144	0.084	0.137	0.128	0.174	0.268	0.244	0.372	0.084
0:00:00																																																																																
0:00:00																																																																																
0:00:00																																																																																
0:00:00																																																																																
0:00:00																																																																																
0:00:00																																																																																
0:00:00																																																																																
0:00:00																																																																																
0:00:00																																																																																
0:00:00																																																																																
0:00:00																																																																																
0:00:00																																																																																
0:00:00																																																																																
0:00:00																																																																																
0:00:00																																																																																
0:00:00																																																																																
0:00:00																																																																																
0:00:00																																																																																
0:00:00																																																																																
0:00:00																																																																																
0:00:00																																																																																
0:00:00																																																																																

