600
Kinetic read 1 (0:00:00)
	1	2	3	4	5	6	7	8	9	10	11	12
A	0.086	0.085	0.088	0.087	0.086	0.086	0.086	0.085	0.086	0.083	0.084	0.086	600 Read#1
B	0.087	0.085	0.086	0.083	0.085	0.087	0.087	0.086	0.085	0.085	0.084	0.084	600 Read#1
C	0.086	0.086	0.096	0.242	0.101	0.261	0.105	0.258	0.141	0.280	0.086	0.085	600 Read#1
D	0.086	0.086	0.097	0.243	0.118	0.218	0.103	0.283	0.259	0.319	0.086	0.085	600 Read#1
E	0.085	0.086	0.096	0.246	0.102	0.298	0.104	0.295	0.137	0.368	0.086	0.086	600 Read#1
F	0.086	0.085	0.095	0.245	0.105	0.222	0.103	0.370	0.219	0.293	0.086	0.086	600 Read#1
G	0.083	0.085	0.085	0.085	0.086	0.087	0.086	0.086	0.086	0.086	0.086	0.084	600 Read#1
H	0.084	0.085	0.086	0.086	0.086	0.087	0.086	0.085	0.086	0.083	0.084	0.085	600 Read#1

600
Kinetic read 2 (0:30:00)
	1	2	3	4	5	6	7	8	9	10	11	12
A	0.093	0.085	0.088	0.087	0.086	0.086	0.086	0.086	0.086	0.083	0.084	0.086	600 Read#2
B	0.087	0.086	0.086	0.083	0.086	0.087	0.087	0.086	0.085	0.085	0.085	0.084	600 Read#2
C	0.086	0.086	0.096	0.332	0.102	0.348	0.108	0.330	0.110	0.246	0.086	0.085	600 Read#2
D	0.087	0.087	0.097	0.334	0.115	0.286	0.109	0.348	0.148	0.289	0.086	0.086	600 Read#2
E	0.086	0.086	0.096	0.337	0.103	0.394	0.107	0.346	0.110	0.298	0.086	0.086	600 Read#2
F	0.086	0.085	0.095	0.337	0.106	0.291	0.102	0.404	0.137	0.262	0.087	0.087	600 Read#2
G	0.083	0.085	0.085	0.085	0.086	0.087	0.086	0.086	0.086	0.085	0.086	0.085	600 Read#2
H	0.084	0.086	0.086	0.085	0.086	0.087	0.086	0.085	0.086	0.083	0.084	0.086	600 Read#2

600
Kinetic read 3 (1:00:00)
	1	2	3	4	5	6	7	8	9	10	11	12
A	0.092	0.086	0.088	0.087	0.086	0.086	0.086	0.086	0.086	0.083	0.084	0.086	600 Read#3
B	0.087	0.085	0.086	0.083	0.085	0.087	0.087	0.086	0.085	0.085	0.085	0.084	600 Read#3
C	0.087	0.086	0.096	0.446	0.106	0.458	0.108	0.391	0.106	0.223	0.086	0.085	600 Read#3
D	0.087	0.087	0.097	0.446	0.114	0.368	0.109	0.429	0.132	0.262	0.086	0.086	600 Read#3
E	0.086	0.086	0.097	0.452	0.103	0.476	0.109	0.424	0.107	0.252	0.086	0.086	600 Read#3
F	0.086	0.086	0.095	0.449	0.106	0.387	0.105	0.448	0.121	0.255	0.087	0.087	600 Read#3
G	0.083	0.085	0.085	0.085	0.087	0.089	0.088	0.086	0.086	0.086	0.086	0.085	600 Read#3
H	0.084	0.086	0.087	0.085	0.086	0.087	0.087	0.085	0.086	0.083	0.084	0.086	600 Read#3

600
Kinetic read 4 (1:30:00)
	1	2	3	4	5	6	7	8	9	10	11	12
A	0.092	0.086	0.088	0.087	0.086	0.086	0.086	0.086	0.086	0.083	0.084	0.086	600 Read#4
B	0.087	0.086	0.086	0.083	0.085	0.087	0.087	0.086	0.085	0.085	0.085	0.085	600 Read#4
C	0.087	0.086	0.096	0.555	0.108	0.570	0.108	0.455	0.106	0.218	0.086	0.085	600 Read#4
D	0.087	0.086	0.097	0.552	0.109	0.609	0.107	0.512	0.125	0.272	0.086	0.086	600 Read#4
E	0.086	0.086	0.096	0.561	0.104	0.581	0.109	0.463	0.107	0.277	0.086	0.087	600 Read#4
F	0.086	0.086	0.095	0.555	0.107	0.442	0.106	0.471	0.115	0.261	0.087	0.087	600 Read#4
G	0.083	0.085	0.085	0.085	0.088	0.090	0.088	0.095	0.086	0.086	0.086	0.085	600 Read#4
H	0.084	0.086	0.087	0.086	0.087	0.087	0.093	0.088	0.086	0.083	0.084	0.086	600 Read#4

600
Kinetic read 5 (2:00:00)
	1	2	3	4	5	6	7	8	9	10	11	12
A	0.095	0.086	0.088	0.087	0.086	0.086	0.086	0.086	0.086	0.084	0.084	0.086	600 Read#5
B	0.088	0.085	0.086	0.083	0.085	0.087	0.087	0.086	0.085	0.090	0.085	0.085	600 Read#5
C	0.087	0.086	0.096	0.666	0.111	0.687	0.106	0.503	0.105	0.259	0.086	0.085	600 Read#5
D	0.087	0.087	0.097	0.661	0.102	0.707	0.103	0.532	0.134	0.334	0.086	0.086	600 Read#5
E	0.086	0.086	0.096	0.671	0.105	0.676	0.110	0.487	0.106	0.198	0.086	0.086	600 Read#5
F	0.086	0.086	0.095	0.668	0.108	0.672	0.109	0.515	0.112	0.240	0.087	0.087	600 Read#5
G	0.083	0.085	0.085	0.086	0.089	0.091	0.089	0.113	0.086	0.086	0.087	0.085	600 Read#5
H	0.084	0.086	0.087	0.086	0.087	0.087	0.095	0.096	0.086	0.083	0.084	0.086	600 Read#5

600
Kinetic read 6 (2:30:00)
	1	2	3	4	5	6	7	8	9	10	11	12
A	0.090	0.085	0.088	0.087	0.086	0.086	0.086	0.086	0.086	0.084	0.084	0.086	600 Read#6
B	0.089	0.085	0.086	0.083	0.085	0.087	0.087	0.086	0.086	0.094	0.085	0.084	600 Read#6
C	0.086	0.086	0.096	0.758	0.114	0.748	0.107	0.563	0.105	0.213	0.086	0.085	600 Read#6
D	0.087	0.086	0.097	0.758	0.102	0.808	0.106	0.583	0.149	0.221	0.086	0.086	600 Read#6
E	0.086	0.086	0.096	0.770	0.105	0.727	0.111	0.548	0.106	0.208	0.086	0.086	600 Read#6
F	0.086	0.085	0.095	0.767	0.109	0.624	0.108	0.593	0.112	0.294	0.087	0.087	600 Read#6
G	0.083	0.085	0.085	0.087	0.089	0.091	0.089	0.135	0.085	0.086	0.086	0.085	600 Read#6
H	0.090	0.086	0.087	0.085	0.087	0.087	0.097	0.106	0.086	0.083	0.084	0.086	600 Read#6

600
Kinetic read 7 (3:00:00)
	1	2	3	4	5	6	7	8	9	10	11	12
A	0.089	0.086	0.088	0.087	0.086	0.086	0.086	0.086	0.087	0.084	0.084	0.086	600 Read#7
B	0.087	0.086	0.086	0.083	0.086	0.087	0.087	0.086	0.086	0.099	0.086	0.085	600 Read#7
C	0.087	0.086	0.097	0.843	0.118	0.781	0.110	0.619	0.105	0.192	0.086	0.085	600 Read#7
D	0.087	0.087	0.097	0.844	0.103	0.900	0.109	0.624	0.143	0.223	0.086	0.086	600 Read#7
E	0.086	0.090	0.097	0.860	0.105	0.797	0.112	0.602	0.106	0.188	0.087	0.087	600 Read#7
F	0.086	0.086	0.095	0.856	0.108	0.693	0.109	0.769	0.112	0.239	0.087	0.087	600 Read#7
G	0.084	0.085	0.085	0.086	0.089	0.092	0.089	0.151	0.086	0.086	0.087	0.085	600 Read#7
H	0.087	0.086	0.087	0.086	0.087	0.087	0.098	0.118	0.086	0.084	0.084	0.087	600 Read#7

600
Kinetic read 8 (3:30:00)
	1	2	3	4	5	6	7	8	9	10	11	12
A	0.137	0.086	0.088	0.087	0.086	0.086	0.086	0.086	0.086	0.084	0.084	0.086	600 Read#8
B	0.088	0.086	0.086	0.083	0.085	0.087	0.087	0.086	0.087	0.098	0.086	0.084	600 Read#8
C	0.087	0.086	0.096	0.926	0.125	0.844	0.112	0.675	0.105	0.286	0.086	0.085	600 Read#8
D	0.087	0.087	0.097	0.916	0.103	0.974	0.109	0.688	0.143	0.221	0.086	0.086	600 Read#8
E	0.086	0.094	0.097	0.924	0.105	0.855	0.113	0.655	0.105	0.208	0.086	0.086	600 Read#8
F	0.086	0.086	0.095	0.923	0.107	0.760	0.111	0.803	0.113	0.291	0.087	0.087	600 Read#8
G	0.083	0.085	0.085	0.086	0.089	0.091	0.089	0.162	0.086	0.086	0.086	0.085	600 Read#8
H	0.088	0.085	0.086	0.086	0.087	0.088	0.106	0.130	0.086	0.084	0.084	0.088	600 Read#8

600
Kinetic read 9 (4:00:00)
	1	2	3	4	5	6	7	8	9	10	11	12
A	0.131	0.086	0.088	0.087	0.086	0.086	0.086	0.086	0.087	0.084	0.084	0.086	600 Read#9
B	0.091	0.095	0.086	0.083	0.085	0.087	0.087	0.086	0.088	0.100	0.086	0.085	600 Read#9
C	0.087	0.086	0.096	0.965	0.138	0.956	0.111	0.715	0.105	0.177	0.086	0.085	600 Read#9
D	0.087	0.087	0.097	0.966	0.103	1.016	0.109	0.714	0.136	0.230	0.086	0.086	600 Read#9
E	0.086	0.102	0.097	0.971	0.106	0.883	0.113	0.704	0.105	0.231	0.087	0.086	600 Read#9
F	0.086	0.086	0.096	0.971	0.110	0.785	0.111	0.824	0.113	0.290	0.087	0.087	600 Read#9
G	0.084	0.085	0.085	0.086	0.090	0.092	0.090	0.171	0.086	0.086	0.086	0.085	600 Read#9
H	0.090	0.087	0.087	0.086	0.087	0.088	0.112	0.152	0.086	0.084	0.084	0.087	600 Read#9

600
Kinetic read 10 (4:30:00)
	1	2	3	4	5	6	7	8	9	10	11	12
A	0.137	0.086	0.088	0.087	0.086	0.086	0.086	0.086	0.087	0.084	0.085	0.086	600 Read#10
B	0.098	0.095	0.086	0.083	0.086	0.087	0.088	0.086	0.089	0.100	0.086	0.085	600 Read#10
C	0.087	0.086	0.097	1.006	0.157	0.979	0.114	0.760	0.105	0.167	0.086	0.085	600 Read#10
D	0.087	0.087	0.097	0.997	0.105	1.060	0.110	0.735	0.160	0.255	0.086	0.086	600 Read#10
E	0.086	0.114	0.097	1.010	0.106	0.911	0.114	0.748	0.105	0.230	0.087	0.087	600 Read#10
F	0.086	0.086	0.096	1.008	0.109	0.824	0.113	0.839	0.115	0.469	0.087	0.087	600 Read#10
G	0.084	0.085	0.086	0.086	0.090	0.093	0.090	0.177	0.086	0.086	0.087	0.085	600 Read#10
H	0.094	0.087	0.087	0.086	0.087	0.088	0.116	0.169	0.087	0.084	0.084	0.092	600 Read#10

600
Kinetic read 11 (5:00:00)
	1	2	3	4	5	6	7	8	9	10	11	12
A	0.139	0.086	0.088	0.087	0.086	0.086	0.087	0.086	0.087	0.084	0.084	0.086	600 Read#11
B	0.098	0.095	0.089	0.083	0.086	0.087	0.087	0.086	0.092	0.102	0.086	0.085	600 Read#11
C	0.087	0.086	0.097	1.038	0.173	1.012	0.112	0.794	0.105	0.174	0.086	0.085	600 Read#11
D	0.087	0.088	0.097	1.028	0.115	1.115	0.112	0.758	0.147	0.324	0.086	0.086	600 Read#11
E	0.086	0.130	0.097	1.055	0.106	0.940	0.114	0.788	0.105	0.295	0.087	0.087	600 Read#11
F	0.086	0.086	0.096	1.045	0.107	1.068	0.113	0.840	0.119	0.348	0.087	0.087	600 Read#11
G	0.084	0.085	0.086	0.086	0.090	0.092	0.090	0.188	0.086	0.086	0.087	0.085	600 Read#11
H	0.103	0.088	0.087	0.086	0.087	0.088	0.119	0.173	0.086	0.084	0.086	0.092	600 Read#11

600
Kinetic read 12 (5:30:00)
	1	2	3	4	5	6	7	8	9	10	11	12
A	0.135	0.086	0.088	0.087	0.086	0.086	0.086	0.086	0.087	0.084	0.084	0.086	600 Read#12
B	0.097	0.095	0.090	0.083	0.085	0.087	0.087	0.086	0.095	0.106	0.086	0.085	600 Read#12
C	0.087	0.086	0.097	1.064	0.188	1.039	0.115	0.833	0.104	0.184	0.086	0.085	600 Read#12
D	0.087	0.087	0.097	1.059	0.124	1.137	0.118	0.781	0.145	0.443	0.086	0.086	600 Read#12
E	0.086	0.138	0.098	1.081	0.104	0.963	0.115	0.829	0.105	0.325	0.087	0.087	600 Read#12
F	0.086	0.086	0.096	1.074	0.132	1.102	0.114	0.853	0.119	0.591	0.087	0.087	600 Read#12
G	0.083	0.085	0.086	0.086	0.089	0.092	0.091	0.161	0.086	0.086	0.087	0.086	600 Read#12
H	0.105	0.086	0.087	0.086	0.087	0.088	0.121	0.175	0.086	0.084	0.086	0.094	600 Read#12

600
Kinetic read 13 (6:00:00)
	1	2	3	4	5	6	7	8	9	10	11	12
A	0.138	0.086	0.088	0.088	0.086	0.086	0.087	0.086	0.087	0.084	0.084	0.086	600 Read#13
B	0.095	0.095	0.086	0.083	0.086	0.087	0.088	0.086	0.095	0.108	0.086	0.085	600 Read#13
C	0.087	0.086	0.097	1.099	0.204	1.069	0.114	0.860	0.104	0.207	0.086	0.085	600 Read#13
D	0.087	0.090	0.098	1.087	0.125	1.159	0.124	0.794	0.155	0.571	0.086	0.086	600 Read#13
E	0.086	0.151	0.100	1.114	0.105	0.985	0.115	0.880	0.105	0.445	0.087	0.087	600 Read#13
F	0.086	0.086	0.096	1.101	0.159	1.140	0.113	0.868	0.121	0.240	0.087	0.087	600 Read#13
G	0.086	0.085	0.086	0.086	0.090	0.092	0.093	0.180	0.086	0.086	0.087	0.086	600 Read#13
H	0.118	0.086	0.087	0.086	0.087	0.088	0.121	0.229	0.086	0.084	0.086	0.097	600 Read#13

600
Kinetic read 14 (6:30:00)
	1	2	3	4	5	6	7	8	9	10	11	12
A	0.145	0.086	0.088	0.088	0.086	0.086	0.086	0.086	0.087	0.084	0.084	0.089	600 Read#14
B	0.097	0.096	0.087	0.083	0.086	0.087	0.087	0.086	0.096	0.109	0.086	0.085	600 Read#14
C	0.087	0.086	0.097	1.114	0.218	1.086	0.117	0.895	0.105	0.246	0.086	0.085	600 Read#14
D	0.087	0.087	0.098	1.113	0.125	0.916	0.131	0.814	0.157	0.719	0.086	0.086	600 Read#14
E	0.086	0.158	0.099	1.133	0.104	1.009	0.115	0.917	0.105	0.528	0.087	0.087	600 Read#14
F	0.086	0.086	0.096	1.128	0.163	1.166	0.115	0.873	0.123	0.325	0.087	0.087	600 Read#14
G	0.086	0.085	0.086	0.086	0.090	0.092	0.094	0.184	0.086	0.086	0.087	0.086	600 Read#14
H	0.130	0.091	0.087	0.086	0.087	0.088	0.134	0.232	0.087	0.084	0.085	0.097	600 Read#14

600
Kinetic read 15 (7:00:00)
	1	2	3	4	5	6	7	8	9	10	11	12
A	0.156	0.086	0.088	0.087	0.086	0.086	0.087	0.086	0.087	0.087	0.084	0.086	600 Read#15
B	0.098	0.096	0.111	0.083	0.085	0.087	0.087	0.086	0.102	0.110	0.086	0.085	600 Read#15
C	0.087	0.086	0.098	1.131	0.232	1.103	0.119	0.929	0.104	0.305	0.086	0.085	600 Read#15
D	0.087	0.088	0.098	1.129	0.124	0.960	0.144	0.827	0.146	0.877	0.086	0.086	600 Read#15
E	0.086	0.177	0.098	1.155	0.105	1.036	0.115	0.953	0.105	0.600	0.087	0.086	600 Read#15
F	0.086	0.091	0.096	1.150	0.166	1.188	0.115	0.906	0.124	0.424	0.087	0.087	600 Read#15
G	0.087	0.085	0.086	0.086	0.090	0.092	0.094	0.222	0.086	0.086	0.086	0.085	600 Read#15
H	0.127	0.092	0.087	0.086	0.087	0.088	0.135	0.214	0.086	0.084	0.088	0.109	600 Read#15

600
Kinetic read 16 (7:30:00)
	1	2	3	4	5	6	7	8	9	10	11	12
A	0.162	0.086	0.088	0.088	0.086	0.086	0.087	0.086	0.087	0.089	0.084	0.090	600 Read#16
B	0.098	0.096	0.095	0.083	0.085	0.087	0.087	0.086	0.102	0.112	0.086	0.085	600 Read#16
C	0.087	0.087	0.098	1.151	0.244	1.107	0.123	0.962	0.104	0.385	0.086	0.085	600 Read#16
D	0.098	0.088	0.098	1.151	0.109	0.969	0.142	0.855	0.158	0.930	0.086	0.086	600 Read#16
E	0.086	0.200	0.098	1.174	0.105	1.050	0.116	1.000	0.106	0.688	0.087	0.087	600 Read#16
F	0.086	0.094	0.096	1.176	0.176	1.214	0.115	0.958	0.126	0.524	0.087	0.087	600 Read#16
G	0.087	0.086	0.086	0.086	0.090	0.092	0.095	0.227	0.086	0.086	0.087	0.086	600 Read#16
H	0.139	0.097	0.087	0.086	0.087	0.088	0.143	0.261	0.086	0.084	0.087	0.123	600 Read#16

600
Kinetic read 17 (8:00:00)
	1	2	3	4	5	6	7	8	9	10	11	12
A	0.167	0.086	0.088	0.088	0.086	0.086	0.087	0.086	0.087	0.084	0.084	0.090	600 Read#17
B	0.098	0.096	0.136	0.083	0.086	0.087	0.087	0.086	0.102	0.114	0.086	0.085	600 Read#17
C	0.087	0.087	0.098	1.158	0.252	1.113	0.136	0.962	0.104	0.513	0.086	0.085	600 Read#17
D	0.107	0.088	0.098	1.157	0.110	0.962	0.152	0.888	0.151	1.068	0.086	0.086	600 Read#17
E	0.088	0.203	0.099	1.166	0.105	1.063	0.117	1.022	0.106	0.799	0.087	0.087	600 Read#17
F	0.086	0.096	0.096	1.176	0.188	1.231	0.117	0.947	0.133	0.658	0.087	0.087	600 Read#17
G	0.088	0.085	0.086	0.086	0.090	0.092	0.097	0.245	0.086	0.090	0.087	0.086	600 Read#17
H	0.140	0.101	0.087	0.086	0.090	0.088	0.149	0.274	0.087	0.084	0.087	0.125	600 Read#17

600
Kinetic read 18 (8:30:00)
	1	2	3	4	5	6	7	8	9	10	11	12
A	0.167	0.086	0.088	0.087	0.086	0.086	0.087	0.086	0.087	0.084	0.084	0.086	600 Read#18
B	0.098	0.096	0.118	0.084	0.086	0.087	0.087	0.086	0.107	0.113	0.086	0.085	600 Read#18
C	0.102	0.086	0.098	1.147	0.256	1.111	0.157	0.969	0.104	0.647	0.086	0.085	600 Read#18
D	0.106	0.090	0.098	1.149	0.110	0.958	0.169	0.918	0.164	1.123	0.086	0.086	600 Read#18
E	0.088	0.224	0.099	1.164	0.105	1.073	0.116	1.033	0.106	0.885	0.087	0.087	600 Read#18
F	0.086	0.094	0.096	1.174	0.192	1.224	0.117	0.968	0.127	0.740	0.087	0.087	600 Read#18
G	0.093	0.091	0.088	0.087	0.091	0.091	0.098	0.223	0.086	0.091	0.087	0.086	600 Read#18
H	0.156	0.107	0.089	0.086	0.091	0.088	0.143	0.274	0.086	0.084	0.087	0.135	600 Read#18

600
Kinetic read 19 (9:00:00)
	1	2	3	4	5	6	7	8	9	10	11	12
A	0.172	0.086	0.088	0.088	0.087	0.087	0.087	0.086	0.087	0.084	0.084	0.086	600 Read#19
B	0.099	0.096	0.115	0.083	0.086	0.087	0.087	0.086	0.108	0.119	0.086	0.084	600 Read#19
C	0.105	0.089	0.098	1.147	0.260	1.088	0.198	0.987	0.104	0.763	0.086	0.085	600 Read#19
D	0.120	0.091	0.099	1.142	0.111	0.954	0.187	0.965	0.159	1.244	0.086	0.087	600 Read#19
E	0.097	0.208	0.099	1.160	0.105	1.066	0.116	1.054	0.106	1.004	0.087	0.087	600 Read#19
F	0.086	0.103	0.097	1.167	0.182	1.235	0.117	0.964	0.129	0.799	0.087	0.087	600 Read#19
G	0.095	0.098	0.086	0.087	0.092	0.091	0.100	0.245	0.086	0.096	0.087	0.086	600 Read#19
H	0.166	0.117	0.087	0.086	0.092	0.088	0.149	0.298	0.087	0.084	0.088	0.155	600 Read#19

600
Kinetic read 20 (9:30:00)
	1	2	3	4	5	6	7	8	9	10	11	12
A	0.184	0.086	0.088	0.088	0.086	0.087	0.087	0.086	0.087	0.085	0.084	0.086	600 Read#20
B	0.097	0.097	0.134	0.083	0.086	0.087	0.088	0.086	0.111	0.120	0.086	0.084	600 Read#20
C	0.102	0.086	0.098	1.144	0.267	1.089	0.222	0.989	0.104	0.839	0.086	0.085	600 Read#20
D	0.111	0.092	0.098	1.144	0.112	0.954	0.219	0.987	0.153	1.263	0.090	0.086	600 Read#20
E	0.091	0.251	0.099	1.159	0.105	1.073	0.116	1.065	0.106	1.061	0.087	0.087	600 Read#20
F	0.086	0.098	0.096	1.165	0.180	1.219	0.119	0.998	0.129	0.862	0.087	0.087	600 Read#20
G	0.096	0.090	0.089	0.088	0.090	0.092	0.103	0.222	0.086	0.096	0.087	0.086	600 Read#20
H	0.179	0.131	0.089	0.086	0.092	0.088	0.155	0.294	0.087	0.084	0.089	0.174	600 Read#20

600
Kinetic read 21 (10:00:00)
	1	2	3	4	5	6	7	8	9	10	11	12
A	0.181	0.086	0.088	0.088	0.086	0.086	0.087	0.086	0.087	0.084	0.084	0.086	600 Read#21
B	0.098	0.098	0.137	0.083	0.085	0.087	0.088	0.086	0.113	0.119	0.086	0.084	600 Read#21
C	0.101	0.087	0.098	1.142	0.270	1.089	0.245	1.012	0.104	0.897	0.086	0.085	600 Read#21
D	0.147	0.098	0.098	1.142	0.111	0.955	0.237	0.997	0.154	1.316	0.090	0.086	600 Read#21
E	0.101	0.237	0.099	1.157	0.104	1.070	0.117	1.076	0.106	1.143	0.087	0.086	600 Read#21
F	0.086	0.098	0.096	1.169	0.178	1.205	0.120	1.002	0.131	0.911	0.087	0.087	600 Read#21
G	0.098	0.086	0.086	0.088	0.089	0.091	0.101	0.270	0.086	0.101	0.087	0.085	600 Read#21
H	0.193	0.134	0.089	0.086	0.093	0.088	0.154	0.306	0.086	0.084	0.090	0.188	600 Read#21

600
Kinetic read 22 (10:30:00)
	1	2	3	4	5	6	7	8	9	10	11	12
A	0.186	0.086	0.088	0.088	0.086	0.087	0.087	0.086	0.087	0.084	0.084	0.086	600 Read#22
B	0.097	0.098	0.148	0.083	0.086	0.087	0.088	0.086	0.123	0.122	0.086	0.084	600 Read#22
C	0.116	0.091	0.098	1.141	0.277	1.095	0.271	1.027	0.105	1.091	0.086	0.085	600 Read#22
D	0.156	0.096	0.099	1.142	0.112	0.955	0.225	1.012	0.160	1.362	0.090	0.086	600 Read#22
E	0.107	0.228	0.100	1.157	0.105	1.080	0.117	1.090	0.106	1.147	0.086	0.087	600 Read#22
F	0.089	0.102	0.097	1.168	0.178	1.189	0.119	1.056	0.130	0.963	0.087	0.087	600 Read#22
G	0.102	0.092	0.090	0.089	0.091	0.091	0.102	0.270	0.087	0.102	0.087	0.085	600 Read#22
H	0.206	0.142	0.088	0.086	0.093	0.088	0.165	0.284	0.086	0.084	0.091	0.210	600 Read#22

600
Kinetic read 23 (11:00:00)
	1	2	3	4	5	6	7	8	9	10	11	12
A	0.184	0.086	0.089	0.088	0.086	0.087	0.087	0.087	0.087	0.084	0.085	0.112	600 Read#23
B	0.099	0.098	0.133	0.091	0.086	0.087	0.088	0.086	0.127	0.120	0.086	0.085	600 Read#23
C	0.114	0.091	0.098	1.142	0.227	1.095	0.281	1.044	0.105	1.186	0.086	0.085	600 Read#23
D	0.159	0.115	0.099	1.142	0.113	0.959	0.212	1.058	0.164	1.393	0.091	0.087	600 Read#23
E	0.108	0.246	0.100	1.157	0.105	1.076	0.117	1.082	0.107	1.214	0.087	0.087	600 Read#23
F	0.091	0.115	0.097	1.170	0.169	1.154	0.123	1.056	0.131	0.984	0.087	0.087	600 Read#23
G	0.107	0.088	0.091	0.090	0.092	0.092	0.107	0.275	0.087	0.102	0.087	0.086	600 Read#23
H	0.210	0.168	0.089	0.086	0.094	0.088	0.169	0.292	0.087	0.084	0.093	0.235	600 Read#23

600
Kinetic read 24 (11:30:00)
	1	2	3	4	5	6	7	8	9	10	11	12
A	0.190	0.086	0.088	0.088	0.086	0.086	0.087	0.086	0.087	0.091	0.084	0.090	600 Read#24
B	0.097	0.098	0.100	0.102	0.086	0.087	0.088	0.086	0.131	0.128	0.086	0.084	600 Read#24
C	0.124	0.092	0.098	1.141	0.226	1.096	0.305	1.052	0.105	1.268	0.086	0.085	600 Read#24
D	0.186	0.130	0.099	1.142	0.112	0.956	0.228	1.039	0.151	1.413	0.090	0.086	600 Read#24
E	0.112	0.269	0.103	1.157	0.106	1.076	0.117	1.083	0.106	1.240	0.087	0.088	600 Read#24
F	0.086	0.103	0.097	1.169	0.168	1.177	0.125	1.081	0.131	1.012	0.087	0.087	600 Read#24
G	0.110	0.089	0.090	0.090	0.092	0.091	0.107	0.277	0.086	0.101	0.087	0.086	600 Read#24
H	0.229	0.173	0.088	0.086	0.093	0.088	0.180	0.287	0.086	0.084	0.093	0.231	600 Read#24

600
Kinetic read 25 (12:00:00)
	1	2	3	4	5	6	7	8	9	10	11	12
A	0.191	0.086	0.088	0.088	0.086	0.086	0.087	0.086	0.087	0.084	0.084	0.106	600 Read#25
B	0.099	0.100	0.136	0.094	0.086	0.087	0.087	0.086	0.128	0.129	0.086	0.084	600 Read#25
C	0.126	0.087	0.098	1.142	0.224	1.097	0.324	1.053	0.105	1.346	0.086	0.085	600 Read#25
D	0.187	0.147	0.099	1.142	0.112	0.970	0.206	1.050	0.162	1.477	0.090	0.086	600 Read#25
E	0.114	0.293	0.102	1.158	0.105	1.077	0.116	1.081	0.108	1.304	0.087	0.089	600 Read#25
F	0.088	0.112	0.097	1.169	0.168	1.148	0.125	1.111	0.134	1.033	0.087	0.087	600 Read#25
G	0.112	0.091	0.097	0.090	0.091	0.091	0.110	0.294	0.087	0.105	0.090	0.085	600 Read#25
H	0.208	0.177	0.091	0.086	0.097	0.088	0.188	0.254	0.087	0.086	0.091	0.276	600 Read#25

600
Kinetic read 26 (12:30:00)
	1	2	3	4	5	6	7	8	9	10	11	12
A	0.196	0.086	0.088	0.088	0.086	0.087	0.087	0.086	0.087	0.084	0.084	0.086	600 Read#26
B	0.098	0.100	0.165	0.092	0.086	0.087	0.087	0.086	0.134	0.125	0.086	0.084	600 Read#26
C	0.130	0.087	0.099	1.143	0.224	1.103	0.407	1.051	0.105	1.430	0.086	0.085	600 Read#26
D	0.186	0.150	0.100	1.143	0.112	0.976	0.227	1.070	0.155	1.435	0.090	0.087	600 Read#26
E	0.117	0.256	0.102	1.159	0.106	1.087	0.117	1.094	0.109	1.307	0.087	0.091	600 Read#26
F	0.092	0.100	0.097	1.170	0.170	1.173	0.126	1.125	0.133	1.064	0.087	0.087	600 Read#26
G	0.115	0.091	0.095	0.092	0.095	0.092	0.113	0.320	0.086	0.107	0.089	0.086	600 Read#26
H	0.229	0.199	0.088	0.087	0.102	0.088	0.191	0.269	0.087	0.085	0.089	0.267	600 Read#26

600
Kinetic read 27 (13:00:00)
	1	2	3	4	5	6	7	8	9	10	11	12
A	0.194	0.086	0.088	0.088	0.087	0.087	0.087	0.086	0.087	0.084	0.085	0.093	600 Read#27
B	0.099	0.098	0.151	0.100	0.086	0.087	0.088	0.086	0.132	0.135	0.086	0.084	600 Read#27
C	0.128	0.096	0.099	1.144	0.222	1.104	0.739	1.047	0.105	1.438	0.086	0.085	600 Read#27
D	0.202	0.166	0.100	1.144	0.113	0.979	0.223	1.083	0.146	1.408	0.092	0.086	600 Read#27
E	0.122	0.273	0.101	1.159	0.104	1.074	0.116	1.086	0.110	1.298	0.087	0.091	600 Read#27
F	0.087	0.094	0.097	1.170	0.177	1.152	0.127	1.139	0.133	1.096	0.087	0.087	600 Read#27
G	0.118	0.094	0.096	0.093	0.096	0.092	0.109	0.271	0.086	0.110	0.091	0.086	600 Read#27
H	0.242	0.186	0.093	0.086	0.103	0.088	0.188	0.282	0.087	0.085	0.089	0.288	600 Read#27

600
Kinetic read 28 (13:30:00)
	1	2	3	4	5	6	7	8	9	10	11	12
A	0.189	0.086	0.088	0.088	0.086	0.087	0.087	0.086	0.087	0.084	0.084	0.114	600 Read#28
B	0.099	0.103	0.119	0.110	0.086	0.087	0.088	0.086	0.144	0.137	0.086	0.084	600 Read#28
C	0.145	0.095	0.099	1.146	0.221	1.098	0.739	1.044	0.107	1.464	0.086	0.085	600 Read#28
D	0.228	0.195	0.099	1.145	0.113	0.985	0.386	1.082	0.145	1.398	0.095	0.086	600 Read#28
E	0.126	0.305	0.105	1.160	0.104	1.087	0.117	1.087	0.110	1.344	0.087	0.093	600 Read#28
F	0.088	0.094	0.097	1.171	0.163	1.169	0.128	1.166	0.134	1.105	0.087	0.087	600 Read#28
G	0.117	0.091	0.096	0.093	0.096	0.092	0.116	0.274	0.086	0.106	0.090	0.086	600 Read#28
H	0.241	0.186	0.090	0.086	0.105	0.088	0.191	0.271	0.091	0.085	0.093	0.299	600 Read#28

600
Kinetic read 29 (14:00:00)
	1	2	3	4	5	6	7	8	9	10	11	12
A	0.207	0.086	0.088	0.088	0.086	0.087	0.087	0.086	0.087	0.084	0.084	0.091	600 Read#29
B	0.099	0.104	0.138	0.090	0.086	0.087	0.088	0.086	0.140	0.140	0.086	0.084	600 Read#29
C	0.139	0.093	0.099	1.147	0.220	1.101	0.730	1.045	0.106	1.499	0.086	0.085	600 Read#29
D	0.224	0.195	0.100	1.147	0.113	0.987	0.221	1.071	0.135	1.392	0.096	0.086	600 Read#29
E	0.129	0.294	0.106	1.162	0.104	1.067	0.118	1.098	0.110	1.288	0.093	0.093	600 Read#29
F	0.088	0.093	0.097	1.174	0.160	1.085	0.128	1.158	0.134	1.106	0.087	0.087	600 Read#29
G	0.122	0.091	0.097	0.094	0.098	0.092	0.117	0.262	0.087	0.106	0.089	0.086	600 Read#29
H	0.258	0.198	0.088	0.087	0.107	0.088	0.206	0.271	0.088	0.085	0.091	0.308	600 Read#29

600
Kinetic read 30 (14:30:00)
	1	2	3	4	5	6	7	8	9	10	11	12
A	0.195	0.086	0.088	0.088	0.086	0.086	0.087	0.086	0.087	0.084	0.084	0.086	600 Read#30
B	0.100	0.104	0.181	0.095	0.086	0.087	0.088	0.086	0.137	0.138	0.086	0.084	600 Read#30
C	0.141	0.100	0.099	1.149	0.218	1.103	0.716	1.036	0.107	1.534	0.086	0.085	600 Read#30
D	0.228	0.216	0.100	1.148	0.113	0.990	0.252	1.071	0.135	1.369	0.095	0.086	600 Read#30
E	0.137	0.287	0.106	1.166	0.104	1.087	0.118	1.096	0.112	1.304	0.096	0.089	600 Read#30
F	0.089	0.104	0.097	1.175	0.168	1.076	0.128	1.172	0.135	1.103	0.087	0.087	600 Read#30
G	0.127	0.094	0.098	0.094	0.100	0.091	0.121	0.282	0.086	0.111	0.096	0.086	600 Read#30
H	0.236	0.216	0.091	0.086	0.107	0.088	0.186	0.231	0.092	0.084	0.098	0.348	600 Read#30

600
Kinetic read 31 (15:00:00)
	1	2	3	4	5	6	7	8	9	10	11	12
A	0.197	0.086	0.088	0.088	0.086	0.087	0.087	0.086	0.087	0.084	0.084	0.099	600 Read#31
B	0.099	0.100	0.198	0.096	0.086	0.087	0.088	0.086	0.153	0.149	0.086	0.084	600 Read#31
C	0.148	0.093	0.099	1.150	0.219	1.102	0.711	1.041	0.108	1.448	0.086	0.085	600 Read#31
D	0.251	0.201	0.100	1.150	0.114	0.998	0.291	1.068	0.136	1.382	0.094	0.086	600 Read#31
E	0.142	0.266	0.107	1.166	0.104	1.065	0.117	1.098	0.112	1.306	0.097	0.095	600 Read#31
F	0.087	0.095	0.097	1.176	0.158	1.167	0.130	1.164	0.135	1.104	0.087	0.087	600 Read#31
G	0.122	0.092	0.097	0.095	0.104	0.092	0.123	0.291	0.086	0.111	0.095	0.086	600 Read#31
H	0.244	0.215	0.089	0.086	0.109	0.088	0.193	0.232	0.092	0.085	0.100	0.291	600 Read#31

600
Kinetic read 32 (15:30:00)
	1	2	3	4	5	6	7	8	9	10	11	12
A	0.206	0.086	0.088	0.088	0.086	0.087	0.087	0.086	0.087	0.084	0.084	0.086	600 Read#32
B	0.099	0.103	0.190	0.103	0.086	0.087	0.088	0.086	0.160	0.155	0.086	0.084	600 Read#32
C	0.155	0.105	0.099	1.152	0.217	1.104	0.706	1.036	0.108	1.650	0.086	0.085	600 Read#32
D	0.251	0.234	0.101	1.152	0.114	1.000	0.241	1.065	0.138	1.373	0.095	0.086	600 Read#32
E	0.144	0.272	0.108	1.167	0.103	1.065	0.118	1.089	0.111	1.305	0.097	0.092	600 Read#32
F	0.092	0.096	0.098	1.177	0.162	0.985	0.129	1.164	0.135	1.110	0.087	0.087	600 Read#32
G	0.124	0.095	0.100	0.098	0.107	0.094	0.121	0.278	0.086	0.112	0.093	0.086	600 Read#32
H	0.246	0.193	0.090	0.086	0.112	0.088	0.188	0.182	0.091	0.084	0.100	0.308	600 Read#32

600
Kinetic read 33 (16:00:00)
	1	2	3	4	5	6	7	8	9	10	11	12
A	0.212	0.086	0.088	0.088	0.086	0.086	0.087	0.086	0.087	0.084	0.084	0.089	600 Read#33
B	0.100	0.106	0.197	0.099	0.086	0.087	0.088	0.086	0.162	0.170	0.086	0.084	600 Read#33
C	0.151	0.126	0.100	1.153	0.217	1.103	0.729	1.035	0.108	1.615	0.086	0.085	600 Read#33
D	0.240	0.271	0.100	1.153	0.114	1.003	0.246	1.059	0.137	1.362	0.089	0.090	600 Read#33
E	0.147	0.219	0.109	1.170	0.105	1.071	0.118	1.097	0.114	1.316	0.095	0.092	600 Read#33
F	0.095	0.101	0.097	1.178	0.156	1.000	0.129	1.161	0.135	1.111	0.087	0.087	600 Read#33
G	0.127	0.093	0.099	0.099	0.107	0.094	0.120	0.264	0.086	0.117	0.094	0.086	600 Read#33
H	0.215	0.231	0.089	0.086	0.111	0.088	0.191	0.211	0.092	0.085	0.100	0.333	600 Read#33

600
Kinetic read 34 (0:00:00)
	1	2	3	4	5	6	7	8	9	10	11	12
A													600 Read#34
B													600 Read#34
C													600 Read#34
D													600 Read#34
E													600 Read#34
F													600 Read#34
G													600 Read#34
H													600 Read#34

600
Kinetic read 35 (0:00:00)
	1	2	3	4	5	6	7	8	9	10	11	12
A													600 Read#35
B													600 Read#35
C													600 Read#35
D													600 Read#35
E													600 Read#35
F													600 Read#35
G													600 Read#35
H													600 Read#35

600
Kinetic read 36 (0:00:00)
	1	2	3	4	5	6	7	8	9	10	11	12
A													600 Read#36
B													600 Read#36
C													600 Read#36
D													600 Read#36
E													600 Read#36
F													600 Read#36
G													600 Read#36
H													600 Read#36

600
Kinetic read 37 (0:00:00)
	1	2	3	4	5	6	7	8	9	10	11	12
A													600 Read#37
B													600 Read#37
C													600 Read#37
D													600 Read#37
E													600 Read#37
F													600 Read#37
G													600 Read#37
H													600 Read#37

600
Kinetic read 38 (0:00:00)
	1	2	3	4	5	6	7	8	9	10	11	12
A													600 Read#38
B													600 Read#38
C													600 Read#38
D													600 Read#38
E													600 Read#38
F													600 Read#38
G													600 Read#38
H													600 Read#38

600
Kinetic read 39 (0:00:00)
	1	2	3	4	5	6	7	8	9	10	11	12
A													600 Read#39
B													600 Read#39
C													600 Read#39
D													600 Read#39
E													600 Read#39
F													600 Read#39
G													600 Read#39
H													600 Read#39

600
Kinetic read 40 (0:00:00)
	1	2	3	4	5	6	7	8	9	10	11	12
A													600 Read#40
B													600 Read#40
C													600 Read#40
D													600 Read#40
E													600 Read#40
F													600 Read#40
G													600 Read#40
H													600 Read#40

600
Kinetic read 41 (0:00:00)
	1	2	3	4	5	6	7	8	9	10	11	12
A													600 Read#41
B													600 Read#41
C													600 Read#41
D													600 Read#41
E													600 Read#41
F													600 Read#41
G													600 Read#41
H													600 Read#41

600
Kinetic read 42 (0:00:00)
	1	2	3	4	5	6	7	8	9	10	11	12
A													600 Read#42
B													600 Read#42
C													600 Read#42
D													600 Read#42
E													600 Read#42
F													600 Read#42
G													600 Read#42
H													600 Read#42

600
Kinetic read 43 (0:00:00)
	1	2	3	4	5	6	7	8	9	10	11	12
A													600 Read#43
B													600 Read#43
C													600 Read#43
D													600 Read#43
E													600 Read#43
F													600 Read#43
G													600 Read#43
H													600 Read#43

600
Kinetic read 44 (0:00:00)
	1	2	3	4	5	6	7	8	9	10	11	12
A													600 Read#44
B													600 Read#44
C													600 Read#44
D													600 Read#44
E													600 Read#44
F													600 Read#44
G													600 Read#44
H													600 Read#44

600
Kinetic read 45 (0:00:00)
	1	2	3	4	5	6	7	8	9	10	11	12
A													600 Read#45
B													600 Read#45
C													600 Read#45
D													600 Read#45
E													600 Read#45
F													600 Read#45
G													600 Read#45
H													600 Read#45

600
Kinetic read 46 (0:00:00)
	1	2	3	4	5	6	7	8	9	10	11	12
A													600 Read#46
B													600 Read#46
C													600 Read#46
D													600 Read#46
E													600 Read#46
F													600 Read#46
G													600 Read#46
H													600 Read#46

600
Kinetic read 47 (0:00:00)
	1	2	3	4	5	6	7	8	9	10	11	12
A													600 Read#47
B													600 Read#47
C													600 Read#47
D													600 Read#47
E													600 Read#47
F													600 Read#47
G													600 Read#47
H													600 Read#47

600
Kinetic read 48 (0:00:00)
	1	2	3	4	5	6	7	8	9	10	11	12
A													600 Read#48
B													600 Read#48
C													600 Read#48
D													600 Read#48
E													600 Read#48
F													600 Read#48
G													600 Read#48
H													600 Read#48

600
Kinetic read 49 (0:00:00)
	1	2	3	4	5	6	7	8	9	10	11	12
A													600 Read#49
B													600 Read#49
C													600 Read#49
D													600 Read#49
E													600 Read#49
F													600 Read#49
G													600 Read#49
H													600 Read#49

600

Kinetic read	A1	B1	C1	D1	E1	F1	G1	H1	A2	B2	C2	D2	E2	F2	G2	H2	A3	B3	C3	D3	E3	F3	G3	H3	A4	B4	C4	D4	E4	F4	G4	H4	A5	B5	C5	D5	E5	F5	G5	H5	A6	B6	C6	D6	E6	F6	G6	H6	A7	B7	C7	D7	E7	F7	G7	H7	A8	B8	C8	D8	E8	F8	G8	H8	A9	B9	C9	D9	E9	F9	G9	H9	A10	B10	C10	D10	E10	F10	G10	H10
0:00:00	0.086	0.087	0.086	0.086	0.085	0.086	0.083	0.084	0.085	0.085	0.086	0.086	0.086	0.085	0.085	0.085	0.088	0.086	0.096	0.097	0.096	0.095	0.085	0.086	0.087	0.083	0.242	0.243	0.246	0.245	0.085	0.086	0.086	0.085	0.101	0.118	0.102	0.105	0.086	0.086	0.086	0.087	0.261	0.218	0.298	0.222	0.087	0.087	0.086	0.087	0.105	0.103	0.104	0.103	0.086	0.086	0.085	0.086	0.258	0.283	0.295	0.370	0.086	0.085	0.086	0.085	0.141	0.259	0.137	0.219	0.086	0.086	0.083	0.085	0.280	0.319	0.368	0.293	0.086	0.083
0:30:00	0.093	0.087	0.086	0.087	0.086	0.086	0.083	0.084	0.085	0.086	0.086	0.087	0.086	0.085	0.085	0.086	0.088	0.086	0.096	0.097	0.096	0.095	0.085	0.086	0.087	0.083	0.332	0.334	0.337	0.337	0.085	0.085	0.086	0.086	0.102	0.115	0.103	0.106	0.086	0.086	0.086	0.087	0.348	0.286	0.394	0.291	0.087	0.087	0.086	0.087	0.108	0.109	0.107	0.102	0.086	0.086	0.086	0.086	0.330	0.348	0.346	0.404	0.086	0.085	0.086	0.085	0.110	0.148	0.110	0.137	0.086	0.086	0.083	0.085	0.246	0.289	0.298	0.262	0.085	0.083
1:00:00	0.092	0.087	0.087	0.087	0.086	0.086	0.083	0.084	0.086	0.085	0.086	0.087	0.086	0.086	0.085	0.086	0.088	0.086	0.096	0.097	0.097	0.095	0.085	0.087	0.087	0.083	0.446	0.446	0.452	0.449	0.085	0.085	0.086	0.085	0.106	0.114	0.103	0.106	0.087	0.086	0.086	0.087	0.458	0.368	0.476	0.387	0.089	0.087	0.086	0.087	0.108	0.109	0.109	0.105	0.088	0.087	0.086	0.086	0.391	0.429	0.424	0.448	0.086	0.085	0.086	0.085	0.106	0.132	0.107	0.121	0.086	0.086	0.083	0.085	0.223	0.262	0.252	0.255	0.086	0.083
1:30:00	0.092	0.087	0.087	0.087	0.086	0.086	0.083	0.084	0.086	0.086	0.086	0.086	0.086	0.086	0.085	0.086	0.088	0.086	0.096	0.097	0.096	0.095	0.085	0.087	0.087	0.083	0.555	0.552	0.561	0.555	0.085	0.086	0.086	0.085	0.108	0.109	0.104	0.107	0.088	0.087	0.086	0.087	0.570	0.609	0.581	0.442	0.090	0.087	0.086	0.087	0.108	0.107	0.109	0.106	0.088	0.093	0.086	0.086	0.455	0.512	0.463	0.471	0.095	0.088	0.086	0.085	0.106	0.125	0.107	0.115	0.086	0.086	0.083	0.085	0.218	0.272	0.277	0.261	0.086	0.083
2:00:00	0.095	0.088	0.087	0.087	0.086	0.086	0.083	0.084	0.086	0.085	0.086	0.087	0.086	0.086	0.085	0.086	0.088	0.086	0.096	0.097	0.096	0.095	0.085	0.087	0.087	0.083	0.666	0.661	0.671	0.668	0.086	0.086	0.086	0.085	0.111	0.102	0.105	0.108	0.089	0.087	0.086	0.087	0.687	0.707	0.676	0.672	0.091	0.087	0.086	0.087	0.106	0.103	0.110	0.109	0.089	0.095	0.086	0.086	0.503	0.532	0.487	0.515	0.113	0.096	0.086	0.085	0.105	0.134	0.106	0.112	0.086	0.086	0.084	0.090	0.259	0.334	0.198	0.240	0.086	0.083
2:30:00	0.090	0.089	0.086	0.087	0.086	0.086	0.083	0.090	0.085	0.085	0.086	0.086	0.086	0.085	0.085	0.086	0.088	0.086	0.096	0.097	0.096	0.095	0.085	0.087	0.087	0.083	0.758	0.758	0.770	0.767	0.087	0.085	0.086	0.085	0.114	0.102	0.105	0.109	0.089	0.087	0.086	0.087	0.748	0.808	0.727	0.624	0.091	0.087	0.086	0.087	0.107	0.106	0.111	0.108	0.089	0.097	0.086	0.086	0.563	0.583	0.548	0.593	0.135	0.106	0.086	0.086	0.105	0.149	0.106	0.112	0.085	0.086	0.084	0.094	0.213	0.221	0.208	0.294	0.086	0.083
3:00:00	0.089	0.087	0.087	0.087	0.086	0.086	0.084	0.087	0.086	0.086	0.086	0.087	0.090	0.086	0.085	0.086	0.088	0.086	0.097	0.097	0.097	0.095	0.085	0.087	0.087	0.083	0.843	0.844	0.860	0.856	0.086	0.086	0.086	0.086	0.118	0.103	0.105	0.108	0.089	0.087	0.086	0.087	0.781	0.900	0.797	0.693	0.092	0.087	0.086	0.087	0.110	0.109	0.112	0.109	0.089	0.098	0.086	0.086	0.619	0.624	0.602	0.769	0.151	0.118	0.087	0.086	0.105	0.143	0.106	0.112	0.086	0.086	0.084	0.099	0.192	0.223	0.188	0.239	0.086	0.084
3:30:00	0.137	0.088	0.087	0.087	0.086	0.086	0.083	0.088	0.086	0.086	0.086	0.087	0.094	0.086	0.085	0.085	0.088	0.086	0.096	0.097	0.097	0.095	0.085	0.086	0.087	0.083	0.926	0.916	0.924	0.923	0.086	0.086	0.086	0.085	0.125	0.103	0.105	0.107	0.089	0.087	0.086	0.087	0.844	0.974	0.855	0.760	0.091	0.088	0.086	0.087	0.112	0.109	0.113	0.111	0.089	0.106	0.086	0.086	0.675	0.688	0.655	0.803	0.162	0.130	0.086	0.087	0.105	0.143	0.105	0.113	0.086	0.086	0.084	0.098	0.286	0.221	0.208	0.291	0.086	0.084
4:00:00	0.131	0.091	0.087	0.087	0.086	0.086	0.084	0.090	0.086	0.095	0.086	0.087	0.102	0.086	0.085	0.087	0.088	0.086	0.096	0.097	0.097	0.096	0.085	0.087	0.087	0.083	0.965	0.966	0.971	0.971	0.086	0.086	0.086	0.085	0.138	0.103	0.106	0.110	0.090	0.087	0.086	0.087	0.956	1.016	0.883	0.785	0.092	0.088	0.086	0.087	0.111	0.109	0.113	0.111	0.090	0.112	0.086	0.086	0.715	0.714	0.704	0.824	0.171	0.152	0.087	0.088	0.105	0.136	0.105	0.113	0.086	0.086	0.084	0.100	0.177	0.230	0.231	0.290	0.086	0.084
4:30:00	0.137	0.098	0.087	0.087	0.086	0.086	0.084	0.094	0.086	0.095	0.086	0.087	0.114	0.086	0.085	0.087	0.088	0.086	0.097	0.097	0.097	0.096	0.086	0.087	0.087	0.083	1.006	0.997	1.010	1.008	0.086	0.086	0.086	0.086	0.157	0.105	0.106	0.109	0.090	0.087	0.086	0.087	0.979	1.060	0.911	0.824	0.093	0.088	0.086	0.088	0.114	0.110	0.114	0.113	0.090	0.116	0.086	0.086	0.760	0.735	0.748	0.839	0.177	0.169	0.087	0.089	0.105	0.160	0.105	0.115	0.086	0.087	0.084	0.100	0.167	0.255	0.230	0.469	0.086	0.084
5:00:00	0.139	0.098	0.087	0.087	0.086	0.086	0.084	0.103	0.086	0.095	0.086	0.088	0.130	0.086	0.085	0.088	0.088	0.089	0.097	0.097	0.097	0.096	0.086	0.087	0.087	0.083	1.038	1.028	1.055	1.045	0.086	0.086	0.086	0.086	0.173	0.115	0.106	0.107	0.090	0.087	0.086	0.087	1.012	1.115	0.940	1.068	0.092	0.088	0.087	0.087	0.112	0.112	0.114	0.113	0.090	0.119	0.086	0.086	0.794	0.758	0.788	0.840	0.188	0.173	0.087	0.092	0.105	0.147	0.105	0.119	0.086	0.086	0.084	0.102	0.174	0.324	0.295	0.348	0.086	0.084
5:30:00	0.135	0.097	0.087	0.087	0.086	0.086	0.083	0.105	0.086	0.095	0.086	0.087	0.138	0.086	0.085	0.086	0.088	0.090	0.097	0.097	0.098	0.096	0.086	0.087	0.087	0.083	1.064	1.059	1.081	1.074	0.086	0.086	0.086	0.085	0.188	0.124	0.104	0.132	0.089	0.087	0.086	0.087	1.039	1.137	0.963	1.102	0.092	0.088	0.086	0.087	0.115	0.118	0.115	0.114	0.091	0.121	0.086	0.086	0.833	0.781	0.829	0.853	0.161	0.175	0.087	0.095	0.104	0.145	0.105	0.119	0.086	0.086	0.084	0.106	0.184	0.443	0.325	0.591	0.086	0.084
6:00:00	0.138	0.095	0.087	0.087	0.086	0.086	0.086	0.118	0.086	0.095	0.086	0.090	0.151	0.086	0.085	0.086	0.088	0.086	0.097	0.098	0.100	0.096	0.086	0.087	0.088	0.083	1.099	1.087	1.114	1.101	0.086	0.086	0.086	0.086	0.204	0.125	0.105	0.159	0.090	0.087	0.086	0.087	1.069	1.159	0.985	1.140	0.092	0.088	0.087	0.088	0.114	0.124	0.115	0.113	0.093	0.121	0.086	0.086	0.860	0.794	0.880	0.868	0.180	0.229	0.087	0.095	0.104	0.155	0.105	0.121	0.086	0.086	0.084	0.108	0.207	0.571	0.445	0.240	0.086	0.084
6:30:00	0.145	0.097	0.087	0.087	0.086	0.086	0.086	0.130	0.086	0.096	0.086	0.087	0.158	0.086	0.085	0.091	0.088	0.087	0.097	0.098	0.099	0.096	0.086	0.087	0.088	0.083	1.114	1.113	1.133	1.128	0.086	0.086	0.086	0.086	0.218	0.125	0.104	0.163	0.090	0.087	0.086	0.087	1.086	0.916	1.009	1.166	0.092	0.088	0.086	0.087	0.117	0.131	0.115	0.115	0.094	0.134	0.086	0.086	0.895	0.814	0.917	0.873	0.184	0.232	0.087	0.096	0.105	0.157	0.105	0.123	0.086	0.087	0.084	0.109	0.246	0.719	0.528	0.325	0.086	0.084
7:00:00	0.156	0.098	0.087	0.087	0.086	0.086	0.087	0.127	0.086	0.096	0.086	0.088	0.177	0.091	0.085	0.092	0.088	0.111	0.098	0.098	0.098	0.096	0.086	0.087	0.087	0.083	1.131	1.129	1.155	1.150	0.086	0.086	0.086	0.085	0.232	0.124	0.105	0.166	0.090	0.087	0.086	0.087	1.103	0.960	1.036	1.188	0.092	0.088	0.087	0.087	0.119	0.144	0.115	0.115	0.094	0.135	0.086	0.086	0.929	0.827	0.953	0.906	0.222	0.214	0.087	0.102	0.104	0.146	0.105	0.124	0.086	0.086	0.087	0.110	0.305	0.877	0.600	0.424	0.086	0.084
7:30:00	0.162	0.098	0.087	0.098	0.086	0.086	0.087	0.139	0.086	0.096	0.087	0.088	0.200	0.094	0.086	0.097	0.088	0.095	0.098	0.098	0.098	0.096	0.086	0.087	0.088	0.083	1.151	1.151	1.174	1.176	0.086	0.086	0.086	0.085	0.244	0.109	0.105	0.176	0.090	0.087	0.086	0.087	1.107	0.969	1.050	1.214	0.092	0.088	0.087	0.087	0.123	0.142	0.116	0.115	0.095	0.143	0.086	0.086	0.962	0.855	1.000	0.958	0.227	0.261	0.087	0.102	0.104	0.158	0.106	0.126	0.086	0.086	0.089	0.112	0.385	0.930	0.688	0.524	0.086	0.084
8:00:00	0.167	0.098	0.087	0.107	0.088	0.086	0.088	0.140	0.086	0.096	0.087	0.088	0.203	0.096	0.085	0.101	0.088	0.136	0.098	0.098	0.099	0.096	0.086	0.087	0.088	0.083	1.158	1.157	1.166	1.176	0.086	0.086	0.086	0.086	0.252	0.110	0.105	0.188	0.090	0.090	0.086	0.087	1.113	0.962	1.063	1.231	0.092	0.088	0.087	0.087	0.136	0.152	0.117	0.117	0.097	0.149	0.086	0.086	0.962	0.888	1.022	0.947	0.245	0.274	0.087	0.102	0.104	0.151	0.106	0.133	0.086	0.087	0.084	0.114	0.513	1.068	0.799	0.658	0.090	0.084
8:30:00	0.167	0.098	0.102	0.106	0.088	0.086	0.093	0.156	0.086	0.096	0.086	0.090	0.224	0.094	0.091	0.107	0.088	0.118	0.098	0.098	0.099	0.096	0.088	0.089	0.087	0.084	1.147	1.149	1.164	1.174	0.087	0.086	0.086	0.086	0.256	0.110	0.105	0.192	0.091	0.091	0.086	0.087	1.111	0.958	1.073	1.224	0.091	0.088	0.087	0.087	0.157	0.169	0.116	0.117	0.098	0.143	0.086	0.086	0.969	0.918	1.033	0.968	0.223	0.274	0.087	0.107	0.104	0.164	0.106	0.127	0.086	0.086	0.084	0.113	0.647	1.123	0.885	0.740	0.091	0.084
9:00:00	0.172	0.099	0.105	0.120	0.097	0.086	0.095	0.166	0.086	0.096	0.089	0.091	0.208	0.103	0.098	0.117	0.088	0.115	0.098	0.099	0.099	0.097	0.086	0.087	0.088	0.083	1.147	1.142	1.160	1.167	0.087	0.086	0.087	0.086	0.260	0.111	0.105	0.182	0.092	0.092	0.087	0.087	1.088	0.954	1.066	1.235	0.091	0.088	0.087	0.087	0.198	0.187	0.116	0.117	0.100	0.149	0.086	0.086	0.987	0.965	1.054	0.964	0.245	0.298	0.087	0.108	0.104	0.159	0.106	0.129	0.086	0.087	0.084	0.119	0.763	1.244	1.004	0.799	0.096	0.084
9:30:00	0.184	0.097	0.102	0.111	0.091	0.086	0.096	0.179	0.086	0.097	0.086	0.092	0.251	0.098	0.090	0.131	0.088	0.134	0.098	0.098	0.099	0.096	0.089	0.089	0.088	0.083	1.144	1.144	1.159	1.165	0.088	0.086	0.086	0.086	0.267	0.112	0.105	0.180	0.090	0.092	0.087	0.087	1.089	0.954	1.073	1.219	0.092	0.088	0.087	0.088	0.222	0.219	0.116	0.119	0.103	0.155	0.086	0.086	0.989	0.987	1.065	0.998	0.222	0.294	0.087	0.111	0.104	0.153	0.106	0.129	0.086	0.087	0.085	0.120	0.839	1.263	1.061	0.862	0.096	0.084
10:00:00	0.181	0.098	0.101	0.147	0.101	0.086	0.098	0.193	0.086	0.098	0.087	0.098	0.237	0.098	0.086	0.134	0.088	0.137	0.098	0.098	0.099	0.096	0.086	0.089	0.088	0.083	1.142	1.142	1.157	1.169	0.088	0.086	0.086	0.085	0.270	0.111	0.104	0.178	0.089	0.093	0.086	0.087	1.089	0.955	1.070	1.205	0.091	0.088	0.087	0.088	0.245	0.237	0.117	0.120	0.101	0.154	0.086	0.086	1.012	0.997	1.076	1.002	0.270	0.306	0.087	0.113	0.104	0.154	0.106	0.131	0.086	0.086	0.084	0.119	0.897	1.316	1.143	0.911	0.101	0.084
10:30:00	0.186	0.097	0.116	0.156	0.107	0.089	0.102	0.206	0.086	0.098	0.091	0.096	0.228	0.102	0.092	0.142	0.088	0.148	0.098	0.099	0.100	0.097	0.090	0.088	0.088	0.083	1.141	1.142	1.157	1.168	0.089	0.086	0.086	0.086	0.277	0.112	0.105	0.178	0.091	0.093	0.087	0.087	1.095	0.955	1.080	1.189	0.091	0.088	0.087	0.088	0.271	0.225	0.117	0.119	0.102	0.165	0.086	0.086	1.027	1.012	1.090	1.056	0.270	0.284	0.087	0.123	0.105	0.160	0.106	0.130	0.087	0.086	0.084	0.122	1.091	1.362	1.147	0.963	0.102	0.084
11:00:00	0.184	0.099	0.114	0.159	0.108	0.091	0.107	0.210	0.086	0.098	0.091	0.115	0.246	0.115	0.088	0.168	0.089	0.133	0.098	0.099	0.100	0.097	0.091	0.089	0.088	0.091	1.142	1.142	1.157	1.170	0.090	0.086	0.086	0.086	0.227	0.113	0.105	0.169	0.092	0.094	0.087	0.087	1.095	0.959	1.076	1.154	0.092	0.088	0.087	0.088	0.281	0.212	0.117	0.123	0.107	0.169	0.087	0.086	1.044	1.058	1.082	1.056	0.275	0.292	0.087	0.127	0.105	0.164	0.107	0.131	0.087	0.087	0.084	0.120	1.186	1.393	1.214	0.984	0.102	0.084
11:30:00	0.190	0.097	0.124	0.186	0.112	0.086	0.110	0.229	0.086	0.098	0.092	0.130	0.269	0.103	0.089	0.173	0.088	0.100	0.098	0.099	0.103	0.097	0.090	0.088	0.088	0.102	1.141	1.142	1.157	1.169	0.090	0.086	0.086	0.086	0.226	0.112	0.106	0.168	0.092	0.093	0.086	0.087	1.096	0.956	1.076	1.177	0.091	0.088	0.087	0.088	0.305	0.228	0.117	0.125	0.107	0.180	0.086	0.086	1.052	1.039	1.083	1.081	0.277	0.287	0.087	0.131	0.105	0.151	0.106	0.131	0.086	0.086	0.091	0.128	1.268	1.413	1.240	1.012	0.101	0.084
12:00:00	0.191	0.099	0.126	0.187	0.114	0.088	0.112	0.208	0.086	0.100	0.087	0.147	0.293	0.112	0.091	0.177	0.088	0.136	0.098	0.099	0.102	0.097	0.097	0.091	0.088	0.094	1.142	1.142	1.158	1.169	0.090	0.086	0.086	0.086	0.224	0.112	0.105	0.168	0.091	0.097	0.086	0.087	1.097	0.970	1.077	1.148	0.091	0.088	0.087	0.087	0.324	0.206	0.116	0.125	0.110	0.188	0.086	0.086	1.053	1.050	1.081	1.111	0.294	0.254	0.087	0.128	0.105	0.162	0.108	0.134	0.087	0.087	0.084	0.129	1.346	1.477	1.304	1.033	0.105	0.086
12:30:00	0.196	0.098	0.130	0.186	0.117	0.092	0.115	0.229	0.086	0.100	0.087	0.150	0.256	0.100	0.091	0.199	0.088	0.165	0.099	0.100	0.102	0.097	0.095	0.088	0.088	0.092	1.143	1.143	1.159	1.170	0.092	0.087	0.086	0.086	0.224	0.112	0.106	0.170	0.095	0.102	0.087	0.087	1.103	0.976	1.087	1.173	0.092	0.088	0.087	0.087	0.407	0.227	0.117	0.126	0.113	0.191	0.086	0.086	1.051	1.070	1.094	1.125	0.320	0.269	0.087	0.134	0.105	0.155	0.109	0.133	0.086	0.087	0.084	0.125	1.430	1.435	1.307	1.064	0.107	0.085
13:00:00	0.194	0.099	0.128	0.202	0.122	0.087	0.118	0.242	0.086	0.098	0.096	0.166	0.273	0.094	0.094	0.186	0.088	0.151	0.099	0.100	0.101	0.097	0.096	0.093	0.088	0.100	1.144	1.144	1.159	1.170	0.093	0.086	0.087	0.086	0.222	0.113	0.104	0.177	0.096	0.103	0.087	0.087	1.104	0.979	1.074	1.152	0.092	0.088	0.087	0.088	0.739	0.223	0.116	0.127	0.109	0.188	0.086	0.086	1.047	1.083	1.086	1.139	0.271	0.282	0.087	0.132	0.105	0.146	0.110	0.133	0.086	0.087	0.084	0.135	1.438	1.408	1.298	1.096	0.110	0.085
13:30:00	0.189	0.099	0.145	0.228	0.126	0.088	0.117	0.241	0.086	0.103	0.095	0.195	0.305	0.094	0.091	0.186	0.088	0.119	0.099	0.099	0.105	0.097	0.096	0.090	0.088	0.110	1.146	1.145	1.160	1.171	0.093	0.086	0.086	0.086	0.221	0.113	0.104	0.163	0.096	0.105	0.087	0.087	1.098	0.985	1.087	1.169	0.092	0.088	0.087	0.088	0.739	0.386	0.117	0.128	0.116	0.191	0.086	0.086	1.044	1.082	1.087	1.166	0.274	0.271	0.087	0.144	0.107	0.145	0.110	0.134	0.086	0.091	0.084	0.137	1.464	1.398	1.344	1.105	0.106	0.085
14:00:00	0.207	0.099	0.139	0.224	0.129	0.088	0.122	0.258	0.086	0.104	0.093	0.195	0.294	0.093	0.091	0.198	0.088	0.138	0.099	0.100	0.106	0.097	0.097	0.088	0.088	0.090	1.147	1.147	1.162	1.174	0.094	0.087	0.086	0.086	0.220	0.113	0.104	0.160	0.098	0.107	0.087	0.087	1.101	0.987	1.067	1.085	0.092	0.088	0.087	0.088	0.730	0.221	0.118	0.128	0.117	0.206	0.086	0.086	1.045	1.071	1.098	1.158	0.262	0.271	0.087	0.140	0.106	0.135	0.110	0.134	0.087	0.088	0.084	0.140	1.499	1.392	1.288	1.106	0.106	0.085
14:30:00	0.195	0.100	0.141	0.228	0.137	0.089	0.127	0.236	0.086	0.104	0.100	0.216	0.287	0.104	0.094	0.216	0.088	0.181	0.099	0.100	0.106	0.097	0.098	0.091	0.088	0.095	1.149	1.148	1.166	1.175	0.094	0.086	0.086	0.086	0.218	0.113	0.104	0.168	0.100	0.107	0.086	0.087	1.103	0.990	1.087	1.076	0.091	0.088	0.087	0.088	0.716	0.252	0.118	0.128	0.121	0.186	0.086	0.086	1.036	1.071	1.096	1.172	0.282	0.231	0.087	0.137	0.107	0.135	0.112	0.135	0.086	0.092	0.084	0.138	1.534	1.369	1.304	1.103	0.111	0.084
15:00:00	0.197	0.099	0.148	0.251	0.142	0.087	0.122	0.244	0.086	0.100	0.093	0.201	0.266	0.095	0.092	0.215	0.088	0.198	0.099	0.100	0.107	0.097	0.097	0.089	0.088	0.096	1.150	1.150	1.166	1.176	0.095	0.086	0.086	0.086	0.219	0.114	0.104	0.158	0.104	0.109	0.087	0.087	1.102	0.998	1.065	1.167	0.092	0.088	0.087	0.088	0.711	0.291	0.117	0.130	0.123	0.193	0.086	0.086	1.041	1.068	1.098	1.164	0.291	0.232	0.087	0.153	0.108	0.136	0.112	0.135	0.086	0.092	0.084	0.149	1.448	1.382	1.306	1.104	0.111	0.085
15:30:00	0.206	0.099	0.155	0.251	0.144	0.092	0.124	0.246	0.086	0.103	0.105	0.234	0.272	0.096	0.095	0.193	0.088	0.190	0.099	0.101	0.108	0.098	0.100	0.090	0.088	0.103	1.152	1.152	1.167	1.177	0.098	0.086	0.086	0.086	0.217	0.114	0.103	0.162	0.107	0.112	0.087	0.087	1.104	1.000	1.065	0.985	0.094	0.088	0.087	0.088	0.706	0.241	0.118	0.129	0.121	0.188	0.086	0.086	1.036	1.065	1.089	1.164	0.278	0.182	0.087	0.160	0.108	0.138	0.111	0.135	0.086	0.091	0.084	0.155	1.650	1.373	1.305	1.110	0.112	0.084
16:00:00	0.212	0.100	0.151	0.240	0.147	0.095	0.127	0.215	0.086	0.106	0.126	0.271	0.219	0.101	0.093	0.231	0.088	0.197	0.100	0.100	0.109	0.097	0.099	0.089	0.088	0.099	1.153	1.153	1.170	1.178	0.099	0.086	0.086	0.086	0.217	0.114	0.105	0.156	0.107	0.111	0.086	0.087	1.103	1.003	1.071	1.000	0.094	0.088	0.087	0.088	0.729	0.246	0.118	0.129	0.120	0.191	0.086	0.086	1.035	1.059	1.097	1.161	0.264	0.211	0.087	0.162	0.108	0.137	0.114	0.135	0.086	0.092	0.084	0.170	1.615	1.362	1.316	1.111	0.117	0.085
0:00:00																																																																																
0:00:00																																																																																
0:00:00																																																																																
0:00:00																																																																																
0:00:00																																																																																
0:00:00																																																																																
0:00:00																																																																																
0:00:00																																																																																
0:00:00																																																																																
0:00:00																																																																																
0:00:00																																																																																
0:00:00																																																																																
0:00:00																																																																																
0:00:00																																																																																
0:00:00																																																																																
0:00:00																																																																																

