600
Kinetic read 1 (0:00:00)
	1	2	3	4	5	6	7	8	9	10	11	12
A	0.086	0.085	0.084	0.089	0.085	0.087	0.086	0.087	0.087	0.084	0.084	0.089	600 Read#1
B	0.086	0.086	0.085	0.087	0.085	0.087	0.087	0.088	0.087	0.085	0.086	0.086	600 Read#1
C	0.086	0.086	0.096	0.349	0.158	0.421	0.115	0.381	0.210	0.497	0.086	0.085	600 Read#1
D	0.087	0.087	0.098	0.349	0.108	0.406	0.109	0.413	0.127	0.539	0.087	0.086	600 Read#1
E	0.082	0.087	0.097	0.384	0.107	0.434	0.126	0.383	0.173	0.445	0.087	0.086	600 Read#1
F	0.081	0.086	0.096	0.354	0.106	0.421	0.144	0.400	0.273	0.535	0.087	0.085	600 Read#1
G	0.090	0.086	0.085	0.085	0.085	0.087	0.087	0.084	0.087	0.085	0.087	0.085	600 Read#1
H	0.087	0.085	0.084	0.086	0.086	0.087	0.086	0.085	0.086	0.083	0.086	0.086	600 Read#1

600
Kinetic read 2 (0:30:00)
	1	2	3	4	5	6	7	8	9	10	11	12
A	0.086	0.085	0.084	0.089	0.085	0.087	0.086	0.087	0.087	0.084	0.084	0.088	600 Read#2
B	0.091	0.090	0.085	0.087	0.085	0.087	0.087	0.088	0.087	0.085	0.086	0.085	600 Read#2
C	0.099	0.094	0.096	0.408	0.109	0.474	0.108	0.421	0.216	0.489	0.086	0.085	600 Read#2
D	0.104	0.093	0.098	0.411	0.115	0.399	0.109	0.433	0.112	0.564	0.086	0.086	600 Read#2
E	0.097	0.087	0.097	0.427	0.109	0.427	0.134	0.424	0.184	0.481	0.087	0.086	600 Read#2
F	0.081	0.086	0.096	0.406	0.105	0.477	0.139	0.433	0.187	0.477	0.087	0.086	600 Read#2
G	0.091	0.085	0.085	0.085	0.085	0.087	0.087	0.091	0.087	0.085	0.087	0.085	600 Read#2
H	0.088	0.085	0.084	0.085	0.086	0.087	0.086	0.085	0.086	0.083	0.085	0.086	600 Read#2

600
Kinetic read 3 (1:00:00)
	1	2	3	4	5	6	7	8	9	10	11	12
A	0.086	0.085	0.084	0.090	0.085	0.087	0.086	0.087	0.087	0.084	0.084	0.089	600 Read#3
B	0.104	0.109	0.100	0.094	0.085	0.087	0.087	0.088	0.087	0.085	0.086	0.085	600 Read#3
C	0.125	0.117	0.110	0.493	0.107	0.518	0.106	0.461	0.215	0.469	0.086	0.085	600 Read#3
D	0.138	0.119	0.111	0.503	0.107	0.448	0.111	0.458	0.109	0.567	0.087	0.087	600 Read#3
E	0.129	0.104	0.097	0.491	0.112	0.579	0.126	0.471	0.144	0.471	0.087	0.086	600 Read#3
F	0.097	0.087	0.096	0.477	0.105	0.528	0.131	0.506	0.168	0.487	0.087	0.085	600 Read#3
G	0.090	0.086	0.085	0.086	0.086	0.088	0.088	0.092	0.087	0.085	0.087	0.085	600 Read#3
H	0.088	0.085	0.084	0.086	0.086	0.087	0.086	0.085	0.086	0.083	0.085	0.086	600 Read#3

600
Kinetic read 4 (1:30:00)
	1	2	3	4	5	6	7	8	9	10	11	12
A	0.089	0.086	0.084	0.089	0.085	0.087	0.086	0.087	0.087	0.084	0.084	0.089	600 Read#4
B	0.120	0.129	0.119	0.110	0.099	0.089	0.087	0.089	0.087	0.085	0.086	0.086	600 Read#4
C	0.146	0.139	0.125	0.592	0.106	0.520	0.105	0.498	0.219	0.499	0.086	0.085	600 Read#4
D	0.162	0.144	0.129	0.585	0.109	0.520	0.109	0.490	0.108	0.576	0.087	0.087	600 Read#4
E	0.157	0.122	0.099	0.590	0.113	0.615	0.125	0.512	0.122	0.472	0.087	0.086	600 Read#4
F	0.112	0.089	0.098	0.564	0.106	0.593	0.131	0.551	0.153	0.514	0.087	0.085	600 Read#4
G	0.090	0.087	0.087	0.088	0.088	0.090	0.089	0.092	0.089	0.085	0.087	0.085	600 Read#4
H	0.088	0.085	0.084	0.086	0.086	0.087	0.086	0.085	0.086	0.083	0.085	0.086	600 Read#4

600
Kinetic read 5 (2:00:00)
	1	2	3	4	5	6	7	8	9	10	11	12
A	0.098	0.088	0.084	0.090	0.086	0.087	0.087	0.087	0.087	0.084	0.084	0.089	600 Read#5
B	0.136	0.147	0.133	0.123	0.110	0.097	0.088	0.090	0.087	0.085	0.086	0.086	600 Read#5
C	0.164	0.158	0.138	0.672	0.107	0.575	0.108	0.553	0.214	0.530	0.086	0.086	600 Read#5
D	0.182	0.163	0.144	0.666	0.119	0.579	0.111	0.527	0.108	0.593	0.087	0.088	600 Read#5
E	0.181	0.137	0.102	0.657	0.114	0.736	0.114	0.579	0.117	0.481	0.087	0.086	600 Read#5
F	0.127	0.090	0.098	0.633	0.106	0.709	0.129	0.599	0.149	0.553	0.087	0.086	600 Read#5
G	0.091	0.087	0.087	0.088	0.089	0.091	0.090	0.094	0.089	0.085	0.087	0.086	600 Read#5
H	0.088	0.085	0.084	0.086	0.086	0.087	0.086	0.087	0.086	0.084	0.085	0.086	600 Read#5

600
Kinetic read 6 (2:30:00)
	1	2	3	4	5	6	7	8	9	10	11	12
A	0.118	0.095	0.085	0.090	0.085	0.087	0.087	0.087	0.087	0.084	0.084	0.089	600 Read#6
B	0.151	0.160	0.147	0.135	0.121	0.105	0.096	0.090	0.087	0.085	0.086	0.086	600 Read#6
C	0.183	0.175	0.148	0.766	0.114	0.633	0.110	0.601	0.223	0.573	0.086	0.086	600 Read#6
D	0.202	0.180	0.158	0.752	0.126	0.637	0.118	0.581	0.108	0.622	0.087	0.087	600 Read#6
E	0.197	0.150	0.106	0.738	0.115	0.665	0.124	0.640	0.114	0.483	0.087	0.086	600 Read#6
F	0.139	0.092	0.098	0.713	0.106	0.703	0.129	0.646	0.147	0.641	0.087	0.086	600 Read#6
G	0.091	0.086	0.087	0.088	0.088	0.090	0.090	0.095	0.089	0.085	0.087	0.086	600 Read#6
H	0.088	0.085	0.084	0.086	0.086	0.087	0.086	0.087	0.086	0.083	0.085	0.086	600 Read#6

600
Kinetic read 7 (3:00:00)
	1	2	3	4	5	6	7	8	9	10	11	12
A	0.125	0.096	0.085	0.090	0.086	0.087	0.087	0.087	0.087	0.085	0.084	0.089	600 Read#7
B	0.163	0.172	0.161	0.145	0.132	0.114	0.105	0.090	0.087	0.085	0.086	0.086	600 Read#7
C	0.199	0.187	0.158	0.857	0.121	0.689	0.118	0.650	0.221	0.619	0.086	0.086	600 Read#7
D	0.219	0.196	0.169	0.837	0.132	0.686	0.121	0.614	0.108	0.680	0.087	0.087	600 Read#7
E	0.212	0.159	0.109	0.823	0.119	0.676	0.137	0.678	0.113	0.530	0.087	0.086	600 Read#7
F	0.151	0.092	0.098	0.795	0.106	0.849	0.127	0.688	0.151	0.686	0.087	0.086	600 Read#7
G	0.091	0.086	0.086	0.087	0.088	0.091	0.090	0.097	0.089	0.085	0.087	0.086	600 Read#7
H	0.088	0.085	0.084	0.086	0.086	0.087	0.086	0.086	0.086	0.083	0.085	0.086	600 Read#7

600
Kinetic read 8 (3:30:00)
	1	2	3	4	5	6	7	8	9	10	11	12
A	0.137	0.100	0.086	0.090	0.086	0.087	0.086	0.087	0.087	0.084	0.084	0.089	600 Read#8
B	0.177	0.183	0.175	0.155	0.140	0.120	0.106	0.089	0.087	0.085	0.086	0.085	600 Read#8
C	0.214	0.201	0.167	0.940	0.130	0.743	0.132	0.695	0.220	0.672	0.086	0.085	600 Read#8
D	0.222	0.214	0.179	0.914	0.138	0.756	0.128	0.646	0.108	0.718	0.087	0.087	600 Read#8
E	0.227	0.169	0.111	0.892	0.120	0.732	0.143	0.725	0.113	0.569	0.087	0.086	600 Read#8
F	0.159	0.092	0.098	0.867	0.106	0.884	0.131	0.723	0.146	0.750	0.086	0.085	600 Read#8
G	0.091	0.086	0.086	0.088	0.089	0.091	0.090	0.097	0.089	0.085	0.087	0.085	600 Read#8
H	0.088	0.085	0.084	0.085	0.086	0.087	0.086	0.086	0.086	0.083	0.085	0.086	600 Read#8

600
Kinetic read 9 (4:00:00)
	1	2	3	4	5	6	7	8	9	10	11	12
A	0.135	0.100	0.085	0.090	0.086	0.087	0.087	0.087	0.087	0.084	0.084	0.089	600 Read#9
B	0.186	0.193	0.188	0.166	0.147	0.126	0.106	0.089	0.087	0.085	0.086	0.085	600 Read#9
C	0.229	0.213	0.176	1.007	0.135	0.795	0.145	0.750	0.220	0.750	0.086	0.086	600 Read#9
D	0.236	0.231	0.190	0.977	0.144	0.804	0.146	0.683	0.109	0.773	0.086	0.087	600 Read#9
E	0.242	0.180	0.114	0.961	0.122	0.776	0.125	0.794	0.112	0.626	0.087	0.086	600 Read#9
F	0.168	0.093	0.099	0.930	0.106	0.861	0.137	0.785	0.143	0.836	0.087	0.086	600 Read#9
G	0.091	0.087	0.087	0.088	0.089	0.091	0.091	0.097	0.089	0.085	0.087	0.086	600 Read#9
H	0.088	0.085	0.084	0.086	0.086	0.087	0.086	0.086	0.086	0.083	0.085	0.087	600 Read#9

600
Kinetic read 10 (4:30:00)
	1	2	3	4	5	6	7	8	9	10	11	12
A	0.131	0.102	0.085	0.090	0.086	0.087	0.087	0.087	0.087	0.085	0.084	0.089	600 Read#10
B	0.200	0.203	0.201	0.177	0.154	0.132	0.106	0.090	0.087	0.085	0.086	0.086	600 Read#10
C	0.243	0.224	0.187	1.066	0.137	0.842	0.156	0.810	0.222	0.841	0.086	0.086	600 Read#10
D	0.250	0.246	0.199	1.031	0.149	0.854	0.157	0.712	0.110	0.847	0.087	0.087	600 Read#10
E	0.251	0.190	0.118	1.018	0.128	0.828	0.126	0.862	0.120	0.705	0.087	0.086	600 Read#10
F	0.182	0.094	0.099	0.983	0.106	0.831	0.127	0.814	0.145	0.918	0.087	0.086	600 Read#10
G	0.091	0.087	0.087	0.088	0.089	0.091	0.091	0.099	0.089	0.085	0.087	0.086	600 Read#10
H	0.088	0.085	0.084	0.086	0.086	0.087	0.086	0.087	0.086	0.084	0.085	0.086	600 Read#10

600
Kinetic read 11 (5:00:00)
	1	2	3	4	5	6	7	8	9	10	11	12
A	0.126	0.098	0.084	0.090	0.086	0.087	0.087	0.087	0.087	0.085	0.084	0.089	600 Read#11
B	0.211	0.212	0.210	0.186	0.159	0.137	0.107	0.090	0.087	0.085	0.086	0.086	600 Read#11
C	0.245	0.237	0.197	1.125	0.142	0.883	0.163	0.871	0.221	0.921	0.086	0.086	600 Read#11
D	0.262	0.256	0.208	1.082	0.152	0.885	0.161	0.761	0.111	0.931	0.087	0.087	600 Read#11
E	0.259	0.197	0.122	1.070	0.124	0.868	0.122	0.918	0.110	0.791	0.087	0.086	600 Read#11
F	0.219	0.094	0.099	1.031	0.106	0.859	0.130	0.872	0.146	0.999	0.087	0.086	600 Read#11
G	0.091	0.086	0.087	0.088	0.089	0.091	0.091	0.100	0.089	0.086	0.087	0.086	600 Read#11
H	0.088	0.085	0.084	0.086	0.086	0.087	0.086	0.088	0.086	0.084	0.085	0.087	600 Read#11

600
Kinetic read 12 (5:30:00)
	1	2	3	4	5	6	7	8	9	10	11	12
A	0.118	0.094	0.084	0.090	0.085	0.087	0.087	0.087	0.087	0.084	0.084	0.089	600 Read#12
B	0.220	0.222	0.221	0.195	0.163	0.141	0.108	0.090	0.087	0.085	0.086	0.085	600 Read#12
C	0.255	0.252	0.206	1.166	0.149	0.921	0.168	0.907	0.217	0.986	0.086	0.085	600 Read#12
D	0.270	0.261	0.217	1.127	0.159	0.911	0.164	0.813	0.111	1.011	0.087	0.087	600 Read#12
E	0.261	0.206	0.126	1.123	0.125	0.875	0.127	0.946	0.111	0.906	0.087	0.086	600 Read#12
F	0.248	0.095	0.099	1.075	0.107	0.890	0.130	0.921	0.144	1.062	0.087	0.085	600 Read#12
G	0.091	0.086	0.087	0.089	0.089	0.091	0.091	0.100	0.090	0.086	0.087	0.085	600 Read#12
H	0.088	0.085	0.084	0.085	0.086	0.087	0.086	0.087	0.086	0.083	0.085	0.086	600 Read#12

600
Kinetic read 13 (6:00:00)
	1	2	3	4	5	6	7	8	9	10	11	12
A	0.101	0.090	0.084	0.090	0.085	0.087	0.087	0.087	0.087	0.084	0.084	0.089	600 Read#13
B	0.227	0.229	0.226	0.202	0.167	0.145	0.104	0.090	0.087	0.085	0.086	0.085	600 Read#13
C	0.261	0.260	0.214	1.198	0.155	0.945	0.172	0.945	0.220	1.044	0.086	0.085	600 Read#13
D	0.278	0.267	0.224	1.156	0.165	0.958	0.165	0.855	0.112	1.068	0.087	0.087	600 Read#13
E	0.265	0.215	0.129	1.158	0.127	0.905	0.124	1.001	0.113	1.030	0.087	0.086	600 Read#13
F	0.264	0.094	0.099	1.103	0.107	0.925	0.130	0.968	0.145	1.107	0.086	0.086	600 Read#13
G	0.091	0.086	0.087	0.089	0.090	0.091	0.091	0.102	0.091	0.087	0.087	0.085	600 Read#13
H	0.088	0.085	0.084	0.086	0.086	0.087	0.086	0.087	0.086	0.083	0.085	0.086	600 Read#13

600
Kinetic read 14 (6:30:00)
	1	2	3	4	5	6	7	8	9	10	11	12
A	0.088	0.090	0.084	0.091	0.085	0.087	0.087	0.087	0.087	0.085	0.084	0.089	600 Read#14
B	0.243	0.236	0.232	0.209	0.170	0.148	0.103	0.090	0.087	0.085	0.086	0.086	600 Read#14
C	0.263	0.265	0.222	1.226	0.160	0.970	0.179	0.977	0.215	1.077	0.086	0.086	600 Read#14
D	0.285	0.270	0.230	1.183	0.190	0.974	0.165	0.901	0.111	1.109	0.086	0.087	600 Read#14
E	0.264	0.222	0.131	1.185	0.129	0.927	0.125	1.038	0.113	1.077	0.087	0.086	600 Read#14
F	0.258	0.091	0.099	1.128	0.107	0.949	0.148	0.996	0.144	1.141	0.087	0.086	600 Read#14
G	0.091	0.086	0.087	0.089	0.095	0.092	0.092	0.108	0.092	0.087	0.087	0.086	600 Read#14
H	0.088	0.085	0.084	0.086	0.086	0.087	0.086	0.089	0.086	0.083	0.085	0.086	600 Read#14

600
Kinetic read 15 (7:00:00)
	1	2	3	4	5	6	7	8	9	10	11	12
A	0.086	0.089	0.084	0.091	0.086	0.087	0.087	0.087	0.087	0.085	0.084	0.089	600 Read#15
B	0.232	0.231	0.236	0.213	0.173	0.148	0.088	0.088	0.087	0.085	0.086	0.086	600 Read#15
C	0.262	0.267	0.228	1.252	0.162	0.989	0.192	0.996	0.212	1.105	0.086	0.086	600 Read#15
D	0.288	0.283	0.239	1.207	0.190	0.998	0.166	0.934	0.111	1.137	0.087	0.087	600 Read#15
E	0.255	0.227	0.132	1.209	0.130	0.943	0.122	1.054	0.119	1.103	0.087	0.086	600 Read#15
F	0.214	0.088	0.098	1.150	0.108	0.972	0.156	1.028	0.142	1.169	0.087	0.086	600 Read#15
G	0.091	0.085	0.087	0.089	0.096	0.100	0.108	0.134	0.099	0.086	0.087	0.086	600 Read#15
H	0.088	0.085	0.084	0.085	0.086	0.087	0.086	0.091	0.086	0.084	0.085	0.086	600 Read#15

600
Kinetic read 16 (7:30:00)
	1	2	3	4	5	6	7	8	9	10	11	12
A	0.086	0.089	0.084	0.090	0.086	0.087	0.087	0.087	0.087	0.085	0.084	0.089	600 Read#16
B	0.171	0.232	0.245	0.217	0.174	0.147	0.088	0.088	0.087	0.085	0.086	0.086	600 Read#16
C	0.253	0.270	0.231	1.276	0.161	1.001	0.196	1.010	0.219	1.132	0.086	0.086	600 Read#16
D	0.289	0.294	0.244	1.228	0.187	1.014	0.168	0.990	0.111	1.162	0.087	0.087	600 Read#16
E	0.228	0.231	0.132	1.230	0.131	0.957	0.126	1.059	0.121	1.129	0.087	0.086	600 Read#16
F	0.119	0.087	0.098	1.169	0.109	0.988	0.149	1.046	0.138	1.215	0.087	0.086	600 Read#16
G	0.091	0.086	0.086	0.089	0.097	0.114	0.123	0.177	0.098	0.085	0.087	0.086	600 Read#16
H	0.088	0.085	0.084	0.086	0.086	0.087	0.086	0.095	0.086	0.083	0.085	0.086	600 Read#16

600
Kinetic read 17 (8:00:00)
	1	2	3	4	5	6	7	8	9	10	11	12
A	0.086	0.089	0.084	0.091	0.086	0.087	0.087	0.087	0.087	0.085	0.085	0.089	600 Read#17
B	0.112	0.235	0.246	0.220	0.175	0.147	0.088	0.089	0.087	0.085	0.086	0.086	600 Read#17
C	0.177	0.273	0.237	1.302	0.161	1.014	0.198	1.051	0.213	1.156	0.086	0.086	600 Read#17
D	0.281	0.297	0.247	1.249	0.187	1.028	0.167	0.997	0.111	1.183	0.087	0.087	600 Read#17
E	0.175	0.234	0.131	1.248	0.127	0.971	0.124	1.062	0.124	1.156	0.087	0.088	600 Read#17
F	0.085	0.087	0.098	1.186	0.109	1.003	0.126	1.054	0.134	1.241	0.087	0.086	600 Read#17
G	0.091	0.086	0.086	0.089	0.099	0.121	0.133	0.216	0.089	0.085	0.087	0.086	600 Read#17
H	0.089	0.086	0.084	0.086	0.087	0.087	0.087	0.099	0.086	0.084	0.085	0.087	600 Read#17

600
Kinetic read 18 (8:30:00)
	1	2	3	4	5	6	7	8	9	10	11	12
A	0.086	0.085	0.084	0.090	0.085	0.087	0.087	0.087	0.087	0.085	0.084	0.089	600 Read#18
B	0.110	0.234	0.246	0.220	0.174	0.146	0.087	0.088	0.087	0.085	0.086	0.086	600 Read#18
C	0.096	0.273	0.238	1.310	0.157	1.001	0.197	1.064	0.214	1.181	0.086	0.086	600 Read#18
D	0.241	0.299	0.249	1.272	0.183	1.032	0.171	1.012	0.111	1.203	0.087	0.087	600 Read#18
E	0.140	0.232	0.127	1.262	0.126	0.985	0.123	1.223	0.116	1.180	0.087	0.092	600 Read#18
F	0.083	0.086	0.098	1.204	0.108	1.018	0.123	1.067	0.133	1.275	0.087	0.086	600 Read#18
G	0.091	0.086	0.088	0.088	0.101	0.122	0.136	0.203	0.088	0.085	0.087	0.085	600 Read#18
H	0.088	0.085	0.084	0.086	0.088	0.087	0.086	0.108	0.086	0.083	0.085	0.086	600 Read#18

600
Kinetic read 19 (9:00:00)
	1	2	3	4	5	6	7	8	9	10	11	12
A	0.086	0.087	0.084	0.091	0.086	0.087	0.087	0.087	0.087	0.085	0.085	0.089	600 Read#19
B	0.108	0.230	0.245	0.219	0.174	0.140	0.088	0.088	0.087	0.085	0.086	0.086	600 Read#19
C	0.087	0.272	0.238	1.301	0.151	1.013	0.196	1.170	0.217	1.234	0.087	0.086	600 Read#19
D	0.138	0.300	0.249	1.271	0.180	1.032	0.166	1.032	0.111	1.226	0.089	0.087	600 Read#19
E	0.090	0.232	0.120	1.272	0.125	0.997	0.123	1.248	0.122	1.210	0.087	0.097	600 Read#19
F	0.083	0.086	0.099	1.196	0.108	1.031	0.128	1.082	0.130	1.272	0.087	0.086	600 Read#19
G	0.091	0.086	0.088	0.088	0.100	0.119	0.135	0.208	0.087	0.085	0.087	0.085	600 Read#19
H	0.088	0.085	0.084	0.086	0.086	0.087	0.086	0.106	0.086	0.083	0.085	0.086	600 Read#19

600
Kinetic read 20 (9:30:00)
	1	2	3	4	5	6	7	8	9	10	11	12
A	0.086	0.086	0.084	0.091	0.086	0.087	0.087	0.087	0.087	0.085	0.084	0.089	600 Read#20
B	0.091	0.215	0.242	0.218	0.173	0.124	0.088	0.088	0.087	0.085	0.086	0.086	600 Read#20
C	0.086	0.270	0.239	1.288	0.140	1.022	0.197	1.197	0.220	1.254	0.086	0.085	600 Read#20
D	0.088	0.301	0.250	1.258	0.170	1.033	0.170	1.145	0.110	1.241	0.094	0.087	600 Read#20
E	0.084	0.234	0.112	1.252	0.123	1.010	0.127	1.266	0.123	1.204	0.087	0.104	600 Read#20
F	0.083	0.086	0.098	1.182	0.108	1.041	0.128	1.099	0.131	1.293	0.087	0.086	600 Read#20
G	0.091	0.086	0.089	0.090	0.103	0.100	0.117	0.216	0.087	0.085	0.087	0.086	600 Read#20
H	0.088	0.085	0.084	0.086	0.088	0.087	0.086	0.120	0.086	0.083	0.085	0.086	600 Read#20

600
Kinetic read 21 (10:00:00)
	1	2	3	4	5	6	7	8	9	10	11	12
A	0.086	0.085	0.084	0.090	0.086	0.087	0.087	0.087	0.087	0.085	0.084	0.089	600 Read#21
B	0.087	0.177	0.236	0.217	0.172	0.107	0.087	0.088	0.087	0.085	0.086	0.086	600 Read#21
C	0.086	0.262	0.236	1.273	0.127	1.016	0.196	1.228	0.223	1.244	0.086	0.085	600 Read#21
D	0.089	0.302	0.249	1.243	0.152	1.020	0.166	1.187	0.109	1.233	0.098	0.087	600 Read#21
E	0.084	0.232	0.104	1.225	0.118	1.020	0.130	1.286	0.121	1.188	0.088	0.109	600 Read#21
F	0.084	0.086	0.098	1.169	0.107	1.051	0.130	1.119	0.132	1.269	0.087	0.086	600 Read#21
G	0.091	0.085	0.090	0.090	0.105	0.091	0.093	0.186	0.087	0.085	0.087	0.085	600 Read#21
H	0.088	0.085	0.084	0.086	0.087	0.087	0.086	0.156	0.086	0.083	0.085	0.086	600 Read#21

600
Kinetic read 22 (10:30:00)
	1	2	3	4	5	6	7	8	9	10	11	12
A	0.086	0.085	0.084	0.091	0.085	0.087	0.087	0.087	0.087	0.085	0.084	0.089	600 Read#22
B	0.090	0.092	0.223	0.216	0.170	0.095	0.087	0.088	0.087	0.085	0.086	0.086	600 Read#22
C	0.086	0.242	0.224	1.254	0.113	1.030	0.195	1.252	0.225	1.237	0.086	0.086	600 Read#22
D	0.090	0.295	0.238	1.225	0.114	1.000	0.167	1.218	0.109	1.226	0.103	0.087	600 Read#22
E	0.084	0.211	0.100	1.193	0.117	1.033	0.135	1.283	0.121	1.169	0.088	0.115	600 Read#22
F	0.083	0.086	0.098	1.157	0.107	1.063	0.124	1.128	0.133	1.273	0.087	0.086	600 Read#22
G	0.091	0.086	0.097	0.093	0.107	0.091	0.090	0.184	0.087	0.085	0.087	0.086	600 Read#22
H	0.088	0.085	0.084	0.086	0.086	0.087	0.086	0.178	0.087	0.083	0.085	0.086	600 Read#22

600
Kinetic read 23 (11:00:00)
	1	2	3	4	5	6	7	8	9	10	11	12
A	0.086	0.086	0.084	0.091	0.086	0.087	0.087	0.087	0.087	0.085	0.084	0.089	600 Read#23
B	0.104	0.087	0.198	0.215	0.167	0.089	0.087	0.088	0.087	0.085	0.086	0.086	600 Read#23
C	0.086	0.190	0.158	1.229	0.112	1.023	0.195	1.272	0.218	1.231	0.086	0.086	600 Read#23
D	0.094	0.271	0.176	1.198	0.107	0.986	0.170	1.239	0.110	1.228	0.102	0.087	600 Read#23
E	0.084	0.147	0.100	1.168	0.118	1.024	0.152	1.277	0.122	1.136	0.097	0.119	600 Read#23
F	0.083	0.086	0.098	1.147	0.107	1.052	0.122	1.151	0.137	1.262	0.087	0.086	600 Read#23
G	0.091	0.086	0.105	0.095	0.108	0.091	0.091	0.227	0.087	0.085	0.087	0.086	600 Read#23
H	0.088	0.085	0.084	0.086	0.088	0.087	0.088	0.202	0.087	0.083	0.085	0.086	600 Read#23

600
Kinetic read 24 (11:30:00)
	1	2	3	4	5	6	7	8	9	10	11	12
A	0.086	0.086	0.084	0.090	0.085	0.088	0.087	0.087	0.087	0.085	0.084	0.088	600 Read#24
B	0.106	0.086	0.140	0.207	0.159	0.088	0.087	0.088	0.089	0.085	0.086	0.085	600 Read#24
C	0.086	0.112	0.098	1.198	0.111	1.011	0.195	1.270	0.222	1.217	0.086	0.085	600 Read#24
D	0.092	0.222	0.104	1.163	0.107	0.973	0.172	1.253	0.110	1.238	0.109	0.087	600 Read#24
E	0.084	0.119	0.100	1.159	0.117	1.013	0.152	1.264	0.123	1.131	0.097	0.118	600 Read#24
F	0.086	0.086	0.098	1.138	0.107	1.039	0.137	1.152	0.137	1.235	0.086	0.085	600 Read#24
G	0.091	0.085	0.115	0.095	0.111	0.090	0.090	0.236	0.087	0.085	0.086	0.085	600 Read#24
H	0.088	0.085	0.084	0.086	0.094	0.087	0.092	0.215	0.087	0.083	0.085	0.086	600 Read#24

600
Kinetic read 25 (12:00:00)
	1	2	3	4	5	6	7	8	9	10	11	12
A	0.086	0.085	0.084	0.091	0.086	0.087	0.087	0.087	0.087	0.085	0.084	0.089	600 Read#25
B	0.101	0.086	0.109	0.198	0.150	0.088	0.087	0.088	0.089	0.085	0.086	0.085	600 Read#25
C	0.086	0.094	0.098	1.164	0.111	0.998	0.196	1.262	0.213	1.210	0.086	0.086	600 Read#25
D	0.094	0.125	0.101	1.129	0.107	0.962	0.169	1.268	0.111	1.232	0.102	0.086	600 Read#25
E	0.084	0.125	0.100	1.151	0.114	0.998	0.160	1.250	0.122	1.112	0.097	0.124	600 Read#25
F	0.085	0.086	0.098	1.131	0.107	1.021	0.132	1.136	0.137	1.243	0.087	0.086	600 Read#25
G	0.091	0.085	0.115	0.106	0.117	0.090	0.091	0.208	0.087	0.085	0.087	0.085	600 Read#25
H	0.088	0.085	0.084	0.086	0.095	0.087	0.093	0.214	0.086	0.083	0.085	0.087	600 Read#25

600
Kinetic read 26 (12:30:00)
	1	2	3	4	5	6	7	8	9	10	11	12
A	0.086	0.086	0.084	0.091	0.086	0.087	0.087	0.087	0.087	0.085	0.084	0.089	600 Read#26
B	0.110	0.086	0.111	0.188	0.141	0.088	0.087	0.088	0.091	0.085	0.086	0.085	600 Read#26
C	0.086	0.107	0.102	1.136	0.110	0.986	0.196	1.248	0.217	1.146	0.086	0.085	600 Read#26
D	0.097	0.104	0.101	1.103	0.107	0.950	0.171	1.264	0.111	1.221	0.094	0.086	600 Read#26
E	0.084	0.131	0.100	1.145	0.113	0.990	0.165	1.241	0.122	1.090	0.097	0.124	600 Read#26
F	0.083	0.086	0.098	1.124	0.108	1.010	0.141	1.127	0.141	1.217	0.087	0.086	600 Read#26
G	0.091	0.085	0.112	0.114	0.120	0.090	0.091	0.242	0.087	0.085	0.087	0.085	600 Read#26
H	0.089	0.085	0.084	0.086	0.094	0.088	0.091	0.264	0.086	0.083	0.085	0.087	600 Read#26

600
Kinetic read 27 (13:00:00)
	1	2	3	4	5	6	7	8	9	10	11	12
A	0.086	0.085	0.084	0.091	0.085	0.087	0.087	0.087	0.087	0.085	0.084	0.089	600 Read#27
B	0.108	0.086	0.129	0.192	0.136	0.092	0.087	0.088	0.091	0.085	0.086	0.085	600 Read#27
C	0.086	0.122	0.099	1.118	0.110	0.975	0.197	1.235	0.220	1.186	0.086	0.085	600 Read#27
D	0.095	0.111	0.101	1.096	0.107	0.942	0.169	1.259	0.112	1.208	0.098	0.086	600 Read#27
E	0.084	0.151	0.101	1.140	0.113	0.978	0.168	1.231	0.121	1.063	0.098	0.133	600 Read#27
F	0.083	0.086	0.098	1.118	0.108	0.997	0.139	1.115	0.143	1.205	0.087	0.086	600 Read#27
G	0.091	0.085	0.109	0.120	0.133	0.091	0.091	0.165	0.087	0.085	0.087	0.085	600 Read#27
H	0.090	0.085	0.084	0.086	0.092	0.089	0.093	0.264	0.086	0.083	0.085	0.087	600 Read#27

600
Kinetic read 28 (13:30:00)
	1	2	3	4	5	6	7	8	9	10	11	12
A	0.087	0.086	0.084	0.091	0.086	0.087	0.087	0.087	0.087	0.085	0.084	0.089	600 Read#28
B	0.105	0.087	0.131	0.187	0.133	0.089	0.087	0.088	0.094	0.085	0.086	0.086	600 Read#28
C	0.087	0.145	0.099	1.108	0.110	0.965	0.196	1.224	0.217	1.152	0.086	0.086	600 Read#28
D	0.097	0.119	0.102	1.093	0.108	0.935	0.171	1.252	0.112	1.199	0.105	0.087	600 Read#28
E	0.084	0.171	0.102	1.135	0.112	0.967	0.168	1.225	0.124	1.056	0.098	0.141	600 Read#28
F	0.083	0.086	0.098	1.113	0.108	0.991	0.142	1.114	0.143	1.180	0.087	0.086	600 Read#28
G	0.091	0.086	0.126	0.124	0.132	0.092	0.092	0.238	0.088	0.085	0.087	0.086	600 Read#28
H	0.090	0.085	0.084	0.086	0.116	0.098	0.093	0.267	0.087	0.084	0.085	0.087	600 Read#28

600
Kinetic read 29 (14:00:00)
	1	2	3	4	5	6	7	8	9	10	11	12
A	0.086	0.086	0.084	0.091	0.086	0.087	0.087	0.087	0.087	0.085	0.085	0.089	600 Read#29
B	0.111	0.087	0.140	0.190	0.128	0.088	0.087	0.088	0.095	0.102	0.086	0.085	600 Read#29
C	0.087	0.163	0.103	1.102	0.110	0.955	0.198	1.214	0.224	1.144	0.086	0.085	600 Read#29
D	0.099	0.132	0.103	1.091	0.108	0.927	0.171	1.243	0.112	1.184	0.110	0.086	600 Read#29
E	0.084	0.173	0.102	1.131	0.112	0.959	0.175	1.217	0.122	1.035	0.099	0.143	600 Read#29
F	0.083	0.086	0.098	1.107	0.108	0.980	0.140	1.092	0.142	1.206	0.087	0.086	600 Read#29
G	0.091	0.086	0.126	0.145	0.142	0.093	0.093	0.237	0.088	0.085	0.087	0.086	600 Read#29
H	0.090	0.085	0.084	0.087	0.106	0.105	0.094	0.252	0.087	0.083	0.085	0.087	600 Read#29

600
Kinetic read 30 (14:30:00)
	1	2	3	4	5	6	7	8	9	10	11	12
A	0.086	0.086	0.084	0.091	0.086	0.087	0.087	0.087	0.087	0.085	0.084	0.088	600 Read#30
B	0.111	0.087	0.151	0.175	0.120	0.088	0.087	0.088	0.100	0.103	0.086	0.085	600 Read#30
C	0.087	0.181	0.102	1.097	0.110	0.947	0.196	1.203	0.221	1.139	0.086	0.085	600 Read#30
D	0.102	0.141	0.103	1.089	0.108	0.922	0.170	1.231	0.112	1.175	0.110	0.086	600 Read#30
E	0.084	0.195	0.104	1.126	0.111	0.952	0.172	1.210	0.123	1.017	0.098	0.145	600 Read#30
F	0.083	0.086	0.098	1.103	0.109	0.974	0.149	1.098	0.143	1.202	0.087	0.086	600 Read#30
G	0.091	0.085	0.138	0.158	0.146	0.093	0.095	0.232	0.088	0.085	0.087	0.085	600 Read#30
H	0.090	0.085	0.084	0.086	0.118	0.095	0.089	0.277	0.088	0.083	0.085	0.087	600 Read#30

600
Kinetic read 31 (15:00:00)
	1	2	3	4	5	6	7	8	9	10	11	12
A	0.086	0.086	0.084	0.091	0.086	0.087	0.087	0.087	0.087	0.085	0.084	0.088	600 Read#31
B	0.114	0.097	0.158	0.157	0.108	0.101	0.087	0.088	0.099	0.105	0.086	0.085	600 Read#31
C	0.087	0.195	0.102	1.091	0.110	0.939	0.197	1.192	0.184	1.128	0.086	0.085	600 Read#31
D	0.108	0.157	0.103	1.086	0.109	0.919	0.169	1.221	0.113	1.163	0.116	0.086	600 Read#31
E	0.084	0.194	0.104	1.122	0.111	0.943	0.174	1.209	0.121	1.008	0.098	0.152	600 Read#31
F	0.083	0.086	0.098	1.099	0.110	0.966	0.151	1.079	0.142	1.182	0.087	0.086	600 Read#31
G	0.091	0.085	0.137	0.157	0.153	0.094	0.092	0.214	0.088	0.085	0.087	0.085	600 Read#31
H	0.090	0.086	0.084	0.087	0.113	0.098	0.089	0.254	0.086	0.083	0.085	0.087	600 Read#31

600
Kinetic read 32 (15:30:00)
	1	2	3	4	5	6	7	8	9	10	11	12
A	0.086	0.086	0.084	0.091	0.085	0.087	0.087	0.087	0.087	0.085	0.084	0.089	600 Read#32
B	0.120	0.098	0.177	0.138	0.098	0.090	0.087	0.088	0.100	0.106	0.086	0.085	600 Read#32
C	0.087	0.176	0.102	1.087	0.109	0.933	0.195	1.183	0.222	1.115	0.086	0.085	600 Read#32
D	0.114	0.162	0.105	1.083	0.109	0.920	0.171	1.203	0.113	1.159	0.117	0.086	600 Read#32
E	0.084	0.179	0.107	1.118	0.111	0.939	0.175	1.201	0.121	0.996	0.098	0.155	600 Read#32
F	0.083	0.086	0.098	1.095	0.110	0.962	0.148	1.093	0.143	1.176	0.087	0.086	600 Read#32
G	0.091	0.085	0.149	0.166	0.155	0.094	0.094	0.257	0.087	0.085	0.087	0.085	600 Read#32
H	0.090	0.085	0.084	0.092	0.112	0.093	0.088	0.301	0.087	0.083	0.085	0.087	600 Read#32

600
Kinetic read 33 (16:00:00)
	1	2	3	4	5	6	7	8	9	10	11	12
A	0.086	0.085	0.084	0.090	0.086	0.087	0.087	0.087	0.087	0.085	0.084	0.088	600 Read#33
B	0.117	0.106	0.177	0.113	0.087	0.088	0.087	0.088	0.102	0.105	0.086	0.085	600 Read#33
C	0.088	0.166	0.104	1.084	0.109	0.928	0.196	1.176	0.191	1.108	0.086	0.085	600 Read#33
D	0.119	0.165	0.103	1.078	0.110	0.917	0.171	1.186	0.113	1.153	0.118	0.086	600 Read#33
E	0.083	0.179	0.107	1.115	0.111	0.934	0.174	1.194	0.120	0.989	0.098	0.158	600 Read#33
F	0.083	0.086	0.098	1.091	0.111	0.951	0.153	1.081	0.141	1.155	0.087	0.086	600 Read#33
G	0.091	0.085	0.148	0.184	0.156	0.094	0.094	0.222	0.088	0.085	0.087	0.085	600 Read#33
H	0.090	0.085	0.086	0.091	0.105	0.091	0.089	0.289	0.086	0.083	0.085	0.087	600 Read#33

600
Kinetic read 34 (16:30:00)
	1	2	3	4	5	6	7	8	9	10	11	12
A	0.086	0.085	0.084	0.091	0.086	0.087	0.087	0.087	0.087	0.085	0.084	0.088	600 Read#34
B	0.128	0.107	0.194	0.120	0.085	0.088	0.087	0.088	0.104	0.111	0.086	0.085	600 Read#34
C	0.087	0.151	0.104	1.079	0.110	0.924	0.194	1.168	0.193	1.101	0.086	0.085	600 Read#34
D	0.126	0.130	0.103	1.078	0.110	0.915	0.172	1.178	0.113	1.136	0.131	0.086	600 Read#34
E	0.083	0.166	0.108	1.112	0.111	0.928	0.174	1.191	0.119	0.978	0.099	0.163	600 Read#34
F	0.083	0.086	0.098	1.088	0.111	0.943	0.156	1.079	0.144	1.161	0.087	0.086	600 Read#34
G	0.091	0.085	0.149	0.173	0.161	0.095	0.094	0.205	0.088	0.085	0.087	0.085	600 Read#34
H	0.090	0.085	0.085	0.088	0.100	0.094	0.089	0.297	0.088	0.083	0.085	0.087	600 Read#34

600
Kinetic read 35 (17:00:00)
	1	2	3	4	5	6	7	8	9	10	11	12
A	0.086	0.086	0.084	0.091	0.087	0.087	0.087	0.087	0.088	0.085	0.085	0.089	600 Read#35
B	0.119	0.121	0.212	0.127	0.085	0.100	0.088	0.088	0.106	0.105	0.086	0.085	600 Read#35
C	0.087	0.131	0.105	1.076	0.111	0.920	0.195	1.161	0.225	1.093	0.086	0.086	600 Read#35
D	0.131	0.117	0.105	1.079	0.111	0.910	0.168	1.165	0.113	1.129	0.125	0.086	600 Read#35
E	0.084	0.195	0.107	1.109	0.111	0.922	0.171	1.190	0.118	0.975	0.099	0.167	600 Read#35
F	0.083	0.087	0.099	1.085	0.112	0.941	0.156	1.086	0.143	1.117	0.087	0.086	600 Read#35
G	0.091	0.086	0.160	0.214	0.158	0.096	0.093	0.173	0.088	0.085	0.087	0.085	600 Read#35
H	0.090	0.085	0.086	0.094	0.106	0.099	0.088	0.323	0.088	0.083	0.085	0.088	600 Read#35

600
Kinetic read 36 (17:30:00)
	1	2	3	4	5	6	7	8	9	10	11	12
A	0.086	0.086	0.084	0.091	0.086	0.087	0.087	0.087	0.087	0.085	0.084	0.088	600 Read#36
B	0.116	0.124	0.209	0.123	0.085	0.110	0.087	0.088	0.112	0.101	0.086	0.085	600 Read#36
C	0.087	0.149	0.116	1.073	0.111	0.917	0.195	1.157	0.178	1.085	0.086	0.085	600 Read#36
D	0.139	0.124	0.104	1.078	0.111	0.908	0.166	1.156	0.113	1.126	0.125	0.086	600 Read#36
E	0.084	0.168	0.113	1.106	0.110	0.918	0.170	1.186	0.117	0.967	0.099	0.170	600 Read#36
F	0.083	0.087	0.098	1.082	0.112	0.932	0.155	1.072	0.142	1.173	0.087	0.086	600 Read#36
G	0.091	0.085	0.152	0.233	0.157	0.097	0.094	0.239	0.088	0.088	0.087	0.085	600 Read#36
H	0.090	0.085	0.086	0.095	0.110	0.097	0.088	0.308	0.087	0.083	0.085	0.087	600 Read#36

600
Kinetic read 37 (0:00:00)
	1	2	3	4	5	6	7	8	9	10	11	12
A													600 Read#37
B													600 Read#37
C													600 Read#37
D													600 Read#37
E													600 Read#37
F													600 Read#37
G													600 Read#37
H													600 Read#37

600
Kinetic read 38 (0:00:00)
	1	2	3	4	5	6	7	8	9	10	11	12
A													600 Read#38
B													600 Read#38
C													600 Read#38
D													600 Read#38
E													600 Read#38
F													600 Read#38
G													600 Read#38
H													600 Read#38

600
Kinetic read 39 (0:00:00)
	1	2	3	4	5	6	7	8	9	10	11	12
A													600 Read#39
B													600 Read#39
C													600 Read#39
D													600 Read#39
E													600 Read#39
F													600 Read#39
G													600 Read#39
H													600 Read#39

600
Kinetic read 40 (0:00:00)
	1	2	3	4	5	6	7	8	9	10	11	12
A													600 Read#40
B													600 Read#40
C													600 Read#40
D													600 Read#40
E													600 Read#40
F													600 Read#40
G													600 Read#40
H													600 Read#40

600
Kinetic read 41 (0:00:00)
	1	2	3	4	5	6	7	8	9	10	11	12
A													600 Read#41
B													600 Read#41
C													600 Read#41
D													600 Read#41
E													600 Read#41
F													600 Read#41
G													600 Read#41
H													600 Read#41

600
Kinetic read 42 (0:00:00)
	1	2	3	4	5	6	7	8	9	10	11	12
A													600 Read#42
B													600 Read#42
C													600 Read#42
D													600 Read#42
E													600 Read#42
F													600 Read#42
G													600 Read#42
H													600 Read#42

600
Kinetic read 43 (0:00:00)
	1	2	3	4	5	6	7	8	9	10	11	12
A													600 Read#43
B													600 Read#43
C													600 Read#43
D													600 Read#43
E													600 Read#43
F													600 Read#43
G													600 Read#43
H													600 Read#43

600
Kinetic read 44 (0:00:00)
	1	2	3	4	5	6	7	8	9	10	11	12
A													600 Read#44
B													600 Read#44
C													600 Read#44
D													600 Read#44
E													600 Read#44
F													600 Read#44
G													600 Read#44
H													600 Read#44

600
Kinetic read 45 (0:00:00)
	1	2	3	4	5	6	7	8	9	10	11	12
A													600 Read#45
B													600 Read#45
C													600 Read#45
D													600 Read#45
E													600 Read#45
F													600 Read#45
G													600 Read#45
H													600 Read#45

600
Kinetic read 46 (0:00:00)
	1	2	3	4	5	6	7	8	9	10	11	12
A													600 Read#46
B													600 Read#46
C													600 Read#46
D													600 Read#46
E													600 Read#46
F													600 Read#46
G													600 Read#46
H													600 Read#46

600
Kinetic read 47 (0:00:00)
	1	2	3	4	5	6	7	8	9	10	11	12
A													600 Read#47
B													600 Read#47
C													600 Read#47
D													600 Read#47
E													600 Read#47
F													600 Read#47
G													600 Read#47
H													600 Read#47

600
Kinetic read 48 (0:00:00)
	1	2	3	4	5	6	7	8	9	10	11	12
A													600 Read#48
B													600 Read#48
C													600 Read#48
D													600 Read#48
E													600 Read#48
F													600 Read#48
G													600 Read#48
H													600 Read#48

600
Kinetic read 49 (0:00:00)
	1	2	3	4	5	6	7	8	9	10	11	12
A													600 Read#49
B													600 Read#49
C													600 Read#49
D													600 Read#49
E													600 Read#49
F													600 Read#49
G													600 Read#49
H													600 Read#49

600

Kinetic read	A1	B1	C1	D1	E1	F1	G1	H1	A2	B2	C2	D2	E2	F2	G2	H2	A3	B3	C3	D3	E3	F3	G3	H3	A4	B4	C4	D4	E4	F4	G4	H4	A5	B5	C5	D5	E5	F5	G5	H5	A6	B6	C6	D6	E6	F6	G6	H6	A7	B7	C7	D7	E7	F7	G7	H7	A8	B8	C8	D8	E8	F8	G8	H8	A9	B9	C9	D9	E9	F9	G9	H9	A10	B10	C10	D10	E10	F10	G10	H10
0:00:00	0.086	0.086	0.086	0.087	0.082	0.081	0.090	0.087	0.085	0.086	0.086	0.087	0.087	0.086	0.086	0.085	0.084	0.085	0.096	0.098	0.097	0.096	0.085	0.084	0.089	0.087	0.349	0.349	0.384	0.354	0.085	0.086	0.085	0.085	0.158	0.108	0.107	0.106	0.085	0.086	0.087	0.087	0.421	0.406	0.434	0.421	0.087	0.087	0.086	0.087	0.115	0.109	0.126	0.144	0.087	0.086	0.087	0.088	0.381	0.413	0.383	0.400	0.084	0.085	0.087	0.087	0.210	0.127	0.173	0.273	0.087	0.086	0.084	0.085	0.497	0.539	0.445	0.535	0.085	0.083
0:30:00	0.086	0.091	0.099	0.104	0.097	0.081	0.091	0.088	0.085	0.090	0.094	0.093	0.087	0.086	0.085	0.085	0.084	0.085	0.096	0.098	0.097	0.096	0.085	0.084	0.089	0.087	0.408	0.411	0.427	0.406	0.085	0.085	0.085	0.085	0.109	0.115	0.109	0.105	0.085	0.086	0.087	0.087	0.474	0.399	0.427	0.477	0.087	0.087	0.086	0.087	0.108	0.109	0.134	0.139	0.087	0.086	0.087	0.088	0.421	0.433	0.424	0.433	0.091	0.085	0.087	0.087	0.216	0.112	0.184	0.187	0.087	0.086	0.084	0.085	0.489	0.564	0.481	0.477	0.085	0.083
1:00:00	0.086	0.104	0.125	0.138	0.129	0.097	0.090	0.088	0.085	0.109	0.117	0.119	0.104	0.087	0.086	0.085	0.084	0.100	0.110	0.111	0.097	0.096	0.085	0.084	0.090	0.094	0.493	0.503	0.491	0.477	0.086	0.086	0.085	0.085	0.107	0.107	0.112	0.105	0.086	0.086	0.087	0.087	0.518	0.448	0.579	0.528	0.088	0.087	0.086	0.087	0.106	0.111	0.126	0.131	0.088	0.086	0.087	0.088	0.461	0.458	0.471	0.506	0.092	0.085	0.087	0.087	0.215	0.109	0.144	0.168	0.087	0.086	0.084	0.085	0.469	0.567	0.471	0.487	0.085	0.083
1:30:00	0.089	0.120	0.146	0.162	0.157	0.112	0.090	0.088	0.086	0.129	0.139	0.144	0.122	0.089	0.087	0.085	0.084	0.119	0.125	0.129	0.099	0.098	0.087	0.084	0.089	0.110	0.592	0.585	0.590	0.564	0.088	0.086	0.085	0.099	0.106	0.109	0.113	0.106	0.088	0.086	0.087	0.089	0.520	0.520	0.615	0.593	0.090	0.087	0.086	0.087	0.105	0.109	0.125	0.131	0.089	0.086	0.087	0.089	0.498	0.490	0.512	0.551	0.092	0.085	0.087	0.087	0.219	0.108	0.122	0.153	0.089	0.086	0.084	0.085	0.499	0.576	0.472	0.514	0.085	0.083
2:00:00	0.098	0.136	0.164	0.182	0.181	0.127	0.091	0.088	0.088	0.147	0.158	0.163	0.137	0.090	0.087	0.085	0.084	0.133	0.138	0.144	0.102	0.098	0.087	0.084	0.090	0.123	0.672	0.666	0.657	0.633	0.088	0.086	0.086	0.110	0.107	0.119	0.114	0.106	0.089	0.086	0.087	0.097	0.575	0.579	0.736	0.709	0.091	0.087	0.087	0.088	0.108	0.111	0.114	0.129	0.090	0.086	0.087	0.090	0.553	0.527	0.579	0.599	0.094	0.087	0.087	0.087	0.214	0.108	0.117	0.149	0.089	0.086	0.084	0.085	0.530	0.593	0.481	0.553	0.085	0.084
2:30:00	0.118	0.151	0.183	0.202	0.197	0.139	0.091	0.088	0.095	0.160	0.175	0.180	0.150	0.092	0.086	0.085	0.085	0.147	0.148	0.158	0.106	0.098	0.087	0.084	0.090	0.135	0.766	0.752	0.738	0.713	0.088	0.086	0.085	0.121	0.114	0.126	0.115	0.106	0.088	0.086	0.087	0.105	0.633	0.637	0.665	0.703	0.090	0.087	0.087	0.096	0.110	0.118	0.124	0.129	0.090	0.086	0.087	0.090	0.601	0.581	0.640	0.646	0.095	0.087	0.087	0.087	0.223	0.108	0.114	0.147	0.089	0.086	0.084	0.085	0.573	0.622	0.483	0.641	0.085	0.083
3:00:00	0.125	0.163	0.199	0.219	0.212	0.151	0.091	0.088	0.096	0.172	0.187	0.196	0.159	0.092	0.086	0.085	0.085	0.161	0.158	0.169	0.109	0.098	0.086	0.084	0.090	0.145	0.857	0.837	0.823	0.795	0.087	0.086	0.086	0.132	0.121	0.132	0.119	0.106	0.088	0.086	0.087	0.114	0.689	0.686	0.676	0.849	0.091	0.087	0.087	0.105	0.118	0.121	0.137	0.127	0.090	0.086	0.087	0.090	0.650	0.614	0.678	0.688	0.097	0.086	0.087	0.087	0.221	0.108	0.113	0.151	0.089	0.086	0.085	0.085	0.619	0.680	0.530	0.686	0.085	0.083
3:30:00	0.137	0.177	0.214	0.222	0.227	0.159	0.091	0.088	0.100	0.183	0.201	0.214	0.169	0.092	0.086	0.085	0.086	0.175	0.167	0.179	0.111	0.098	0.086	0.084	0.090	0.155	0.940	0.914	0.892	0.867	0.088	0.085	0.086	0.140	0.130	0.138	0.120	0.106	0.089	0.086	0.087	0.120	0.743	0.756	0.732	0.884	0.091	0.087	0.086	0.106	0.132	0.128	0.143	0.131	0.090	0.086	0.087	0.089	0.695	0.646	0.725	0.723	0.097	0.086	0.087	0.087	0.220	0.108	0.113	0.146	0.089	0.086	0.084	0.085	0.672	0.718	0.569	0.750	0.085	0.083
4:00:00	0.135	0.186	0.229	0.236	0.242	0.168	0.091	0.088	0.100	0.193	0.213	0.231	0.180	0.093	0.087	0.085	0.085	0.188	0.176	0.190	0.114	0.099	0.087	0.084	0.090	0.166	1.007	0.977	0.961	0.930	0.088	0.086	0.086	0.147	0.135	0.144	0.122	0.106	0.089	0.086	0.087	0.126	0.795	0.804	0.776	0.861	0.091	0.087	0.087	0.106	0.145	0.146	0.125	0.137	0.091	0.086	0.087	0.089	0.750	0.683	0.794	0.785	0.097	0.086	0.087	0.087	0.220	0.109	0.112	0.143	0.089	0.086	0.084	0.085	0.750	0.773	0.626	0.836	0.085	0.083
4:30:00	0.131	0.200	0.243	0.250	0.251	0.182	0.091	0.088	0.102	0.203	0.224	0.246	0.190	0.094	0.087	0.085	0.085	0.201	0.187	0.199	0.118	0.099	0.087	0.084	0.090	0.177	1.066	1.031	1.018	0.983	0.088	0.086	0.086	0.154	0.137	0.149	0.128	0.106	0.089	0.086	0.087	0.132	0.842	0.854	0.828	0.831	0.091	0.087	0.087	0.106	0.156	0.157	0.126	0.127	0.091	0.086	0.087	0.090	0.810	0.712	0.862	0.814	0.099	0.087	0.087	0.087	0.222	0.110	0.120	0.145	0.089	0.086	0.085	0.085	0.841	0.847	0.705	0.918	0.085	0.084
5:00:00	0.126	0.211	0.245	0.262	0.259	0.219	0.091	0.088	0.098	0.212	0.237	0.256	0.197	0.094	0.086	0.085	0.084	0.210	0.197	0.208	0.122	0.099	0.087	0.084	0.090	0.186	1.125	1.082	1.070	1.031	0.088	0.086	0.086	0.159	0.142	0.152	0.124	0.106	0.089	0.086	0.087	0.137	0.883	0.885	0.868	0.859	0.091	0.087	0.087	0.107	0.163	0.161	0.122	0.130	0.091	0.086	0.087	0.090	0.871	0.761	0.918	0.872	0.100	0.088	0.087	0.087	0.221	0.111	0.110	0.146	0.089	0.086	0.085	0.085	0.921	0.931	0.791	0.999	0.086	0.084
5:30:00	0.118	0.220	0.255	0.270	0.261	0.248	0.091	0.088	0.094	0.222	0.252	0.261	0.206	0.095	0.086	0.085	0.084	0.221	0.206	0.217	0.126	0.099	0.087	0.084	0.090	0.195	1.166	1.127	1.123	1.075	0.089	0.085	0.085	0.163	0.149	0.159	0.125	0.107	0.089	0.086	0.087	0.141	0.921	0.911	0.875	0.890	0.091	0.087	0.087	0.108	0.168	0.164	0.127	0.130	0.091	0.086	0.087	0.090	0.907	0.813	0.946	0.921	0.100	0.087	0.087	0.087	0.217	0.111	0.111	0.144	0.090	0.086	0.084	0.085	0.986	1.011	0.906	1.062	0.086	0.083
6:00:00	0.101	0.227	0.261	0.278	0.265	0.264	0.091	0.088	0.090	0.229	0.260	0.267	0.215	0.094	0.086	0.085	0.084	0.226	0.214	0.224	0.129	0.099	0.087	0.084	0.090	0.202	1.198	1.156	1.158	1.103	0.089	0.086	0.085	0.167	0.155	0.165	0.127	0.107	0.090	0.086	0.087	0.145	0.945	0.958	0.905	0.925	0.091	0.087	0.087	0.104	0.172	0.165	0.124	0.130	0.091	0.086	0.087	0.090	0.945	0.855	1.001	0.968	0.102	0.087	0.087	0.087	0.220	0.112	0.113	0.145	0.091	0.086	0.084	0.085	1.044	1.068	1.030	1.107	0.087	0.083
6:30:00	0.088	0.243	0.263	0.285	0.264	0.258	0.091	0.088	0.090	0.236	0.265	0.270	0.222	0.091	0.086	0.085	0.084	0.232	0.222	0.230	0.131	0.099	0.087	0.084	0.091	0.209	1.226	1.183	1.185	1.128	0.089	0.086	0.085	0.170	0.160	0.190	0.129	0.107	0.095	0.086	0.087	0.148	0.970	0.974	0.927	0.949	0.092	0.087	0.087	0.103	0.179	0.165	0.125	0.148	0.092	0.086	0.087	0.090	0.977	0.901	1.038	0.996	0.108	0.089	0.087	0.087	0.215	0.111	0.113	0.144	0.092	0.086	0.085	0.085	1.077	1.109	1.077	1.141	0.087	0.083
7:00:00	0.086	0.232	0.262	0.288	0.255	0.214	0.091	0.088	0.089	0.231	0.267	0.283	0.227	0.088	0.085	0.085	0.084	0.236	0.228	0.239	0.132	0.098	0.087	0.084	0.091	0.213	1.252	1.207	1.209	1.150	0.089	0.085	0.086	0.173	0.162	0.190	0.130	0.108	0.096	0.086	0.087	0.148	0.989	0.998	0.943	0.972	0.100	0.087	0.087	0.088	0.192	0.166	0.122	0.156	0.108	0.086	0.087	0.088	0.996	0.934	1.054	1.028	0.134	0.091	0.087	0.087	0.212	0.111	0.119	0.142	0.099	0.086	0.085	0.085	1.105	1.137	1.103	1.169	0.086	0.084
7:30:00	0.086	0.171	0.253	0.289	0.228	0.119	0.091	0.088	0.089	0.232	0.270	0.294	0.231	0.087	0.086	0.085	0.084	0.245	0.231	0.244	0.132	0.098	0.086	0.084	0.090	0.217	1.276	1.228	1.230	1.169	0.089	0.086	0.086	0.174	0.161	0.187	0.131	0.109	0.097	0.086	0.087	0.147	1.001	1.014	0.957	0.988	0.114	0.087	0.087	0.088	0.196	0.168	0.126	0.149	0.123	0.086	0.087	0.088	1.010	0.990	1.059	1.046	0.177	0.095	0.087	0.087	0.219	0.111	0.121	0.138	0.098	0.086	0.085	0.085	1.132	1.162	1.129	1.215	0.085	0.083
8:00:00	0.086	0.112	0.177	0.281	0.175	0.085	0.091	0.089	0.089	0.235	0.273	0.297	0.234	0.087	0.086	0.086	0.084	0.246	0.237	0.247	0.131	0.098	0.086	0.084	0.091	0.220	1.302	1.249	1.248	1.186	0.089	0.086	0.086	0.175	0.161	0.187	0.127	0.109	0.099	0.087	0.087	0.147	1.014	1.028	0.971	1.003	0.121	0.087	0.087	0.088	0.198	0.167	0.124	0.126	0.133	0.087	0.087	0.089	1.051	0.997	1.062	1.054	0.216	0.099	0.087	0.087	0.213	0.111	0.124	0.134	0.089	0.086	0.085	0.085	1.156	1.183	1.156	1.241	0.085	0.084
8:30:00	0.086	0.110	0.096	0.241	0.140	0.083	0.091	0.088	0.085	0.234	0.273	0.299	0.232	0.086	0.086	0.085	0.084	0.246	0.238	0.249	0.127	0.098	0.088	0.084	0.090	0.220	1.310	1.272	1.262	1.204	0.088	0.086	0.085	0.174	0.157	0.183	0.126	0.108	0.101	0.088	0.087	0.146	1.001	1.032	0.985	1.018	0.122	0.087	0.087	0.087	0.197	0.171	0.123	0.123	0.136	0.086	0.087	0.088	1.064	1.012	1.223	1.067	0.203	0.108	0.087	0.087	0.214	0.111	0.116	0.133	0.088	0.086	0.085	0.085	1.181	1.203	1.180	1.275	0.085	0.083
9:00:00	0.086	0.108	0.087	0.138	0.090	0.083	0.091	0.088	0.087	0.230	0.272	0.300	0.232	0.086	0.086	0.085	0.084	0.245	0.238	0.249	0.120	0.099	0.088	0.084	0.091	0.219	1.301	1.271	1.272	1.196	0.088	0.086	0.086	0.174	0.151	0.180	0.125	0.108	0.100	0.086	0.087	0.140	1.013	1.032	0.997	1.031	0.119	0.087	0.087	0.088	0.196	0.166	0.123	0.128	0.135	0.086	0.087	0.088	1.170	1.032	1.248	1.082	0.208	0.106	0.087	0.087	0.217	0.111	0.122	0.130	0.087	0.086	0.085	0.085	1.234	1.226	1.210	1.272	0.085	0.083
9:30:00	0.086	0.091	0.086	0.088	0.084	0.083	0.091	0.088	0.086	0.215	0.270	0.301	0.234	0.086	0.086	0.085	0.084	0.242	0.239	0.250	0.112	0.098	0.089	0.084	0.091	0.218	1.288	1.258	1.252	1.182	0.090	0.086	0.086	0.173	0.140	0.170	0.123	0.108	0.103	0.088	0.087	0.124	1.022	1.033	1.010	1.041	0.100	0.087	0.087	0.088	0.197	0.170	0.127	0.128	0.117	0.086	0.087	0.088	1.197	1.145	1.266	1.099	0.216	0.120	0.087	0.087	0.220	0.110	0.123	0.131	0.087	0.086	0.085	0.085	1.254	1.241	1.204	1.293	0.085	0.083
10:00:00	0.086	0.087	0.086	0.089	0.084	0.084	0.091	0.088	0.085	0.177	0.262	0.302	0.232	0.086	0.085	0.085	0.084	0.236	0.236	0.249	0.104	0.098	0.090	0.084	0.090	0.217	1.273	1.243	1.225	1.169	0.090	0.086	0.086	0.172	0.127	0.152	0.118	0.107	0.105	0.087	0.087	0.107	1.016	1.020	1.020	1.051	0.091	0.087	0.087	0.087	0.196	0.166	0.130	0.130	0.093	0.086	0.087	0.088	1.228	1.187	1.286	1.119	0.186	0.156	0.087	0.087	0.223	0.109	0.121	0.132	0.087	0.086	0.085	0.085	1.244	1.233	1.188	1.269	0.085	0.083
10:30:00	0.086	0.090	0.086	0.090	0.084	0.083	0.091	0.088	0.085	0.092	0.242	0.295	0.211	0.086	0.086	0.085	0.084	0.223	0.224	0.238	0.100	0.098	0.097	0.084	0.091	0.216	1.254	1.225	1.193	1.157	0.093	0.086	0.085	0.170	0.113	0.114	0.117	0.107	0.107	0.086	0.087	0.095	1.030	1.000	1.033	1.063	0.091	0.087	0.087	0.087	0.195	0.167	0.135	0.124	0.090	0.086	0.087	0.088	1.252	1.218	1.283	1.128	0.184	0.178	0.087	0.087	0.225	0.109	0.121	0.133	0.087	0.087	0.085	0.085	1.237	1.226	1.169	1.273	0.085	0.083
11:00:00	0.086	0.104	0.086	0.094	0.084	0.083	0.091	0.088	0.086	0.087	0.190	0.271	0.147	0.086	0.086	0.085	0.084	0.198	0.158	0.176	0.100	0.098	0.105	0.084	0.091	0.215	1.229	1.198	1.168	1.147	0.095	0.086	0.086	0.167	0.112	0.107	0.118	0.107	0.108	0.088	0.087	0.089	1.023	0.986	1.024	1.052	0.091	0.087	0.087	0.087	0.195	0.170	0.152	0.122	0.091	0.088	0.087	0.088	1.272	1.239	1.277	1.151	0.227	0.202	0.087	0.087	0.218	0.110	0.122	0.137	0.087	0.087	0.085	0.085	1.231	1.228	1.136	1.262	0.085	0.083
11:30:00	0.086	0.106	0.086	0.092	0.084	0.086	0.091	0.088	0.086	0.086	0.112	0.222	0.119	0.086	0.085	0.085	0.084	0.140	0.098	0.104	0.100	0.098	0.115	0.084	0.090	0.207	1.198	1.163	1.159	1.138	0.095	0.086	0.085	0.159	0.111	0.107	0.117	0.107	0.111	0.094	0.088	0.088	1.011	0.973	1.013	1.039	0.090	0.087	0.087	0.087	0.195	0.172	0.152	0.137	0.090	0.092	0.087	0.088	1.270	1.253	1.264	1.152	0.236	0.215	0.087	0.089	0.222	0.110	0.123	0.137	0.087	0.087	0.085	0.085	1.217	1.238	1.131	1.235	0.085	0.083
12:00:00	0.086	0.101	0.086	0.094	0.084	0.085	0.091	0.088	0.085	0.086	0.094	0.125	0.125	0.086	0.085	0.085	0.084	0.109	0.098	0.101	0.100	0.098	0.115	0.084	0.091	0.198	1.164	1.129	1.151	1.131	0.106	0.086	0.086	0.150	0.111	0.107	0.114	0.107	0.117	0.095	0.087	0.088	0.998	0.962	0.998	1.021	0.090	0.087	0.087	0.087	0.196	0.169	0.160	0.132	0.091	0.093	0.087	0.088	1.262	1.268	1.250	1.136	0.208	0.214	0.087	0.089	0.213	0.111	0.122	0.137	0.087	0.086	0.085	0.085	1.210	1.232	1.112	1.243	0.085	0.083
12:30:00	0.086	0.110	0.086	0.097	0.084	0.083	0.091	0.089	0.086	0.086	0.107	0.104	0.131	0.086	0.085	0.085	0.084	0.111	0.102	0.101	0.100	0.098	0.112	0.084	0.091	0.188	1.136	1.103	1.145	1.124	0.114	0.086	0.086	0.141	0.110	0.107	0.113	0.108	0.120	0.094	0.087	0.088	0.986	0.950	0.990	1.010	0.090	0.088	0.087	0.087	0.196	0.171	0.165	0.141	0.091	0.091	0.087	0.088	1.248	1.264	1.241	1.127	0.242	0.264	0.087	0.091	0.217	0.111	0.122	0.141	0.087	0.086	0.085	0.085	1.146	1.221	1.090	1.217	0.085	0.083
13:00:00	0.086	0.108	0.086	0.095	0.084	0.083	0.091	0.090	0.085	0.086	0.122	0.111	0.151	0.086	0.085	0.085	0.084	0.129	0.099	0.101	0.101	0.098	0.109	0.084	0.091	0.192	1.118	1.096	1.140	1.118	0.120	0.086	0.085	0.136	0.110	0.107	0.113	0.108	0.133	0.092	0.087	0.092	0.975	0.942	0.978	0.997	0.091	0.089	0.087	0.087	0.197	0.169	0.168	0.139	0.091	0.093	0.087	0.088	1.235	1.259	1.231	1.115	0.165	0.264	0.087	0.091	0.220	0.112	0.121	0.143	0.087	0.086	0.085	0.085	1.186	1.208	1.063	1.205	0.085	0.083
13:30:00	0.087	0.105	0.087	0.097	0.084	0.083	0.091	0.090	0.086	0.087	0.145	0.119	0.171	0.086	0.086	0.085	0.084	0.131	0.099	0.102	0.102	0.098	0.126	0.084	0.091	0.187	1.108	1.093	1.135	1.113	0.124	0.086	0.086	0.133	0.110	0.108	0.112	0.108	0.132	0.116	0.087	0.089	0.965	0.935	0.967	0.991	0.092	0.098	0.087	0.087	0.196	0.171	0.168	0.142	0.092	0.093	0.087	0.088	1.224	1.252	1.225	1.114	0.238	0.267	0.087	0.094	0.217	0.112	0.124	0.143	0.088	0.087	0.085	0.085	1.152	1.199	1.056	1.180	0.085	0.084
14:00:00	0.086	0.111	0.087	0.099	0.084	0.083	0.091	0.090	0.086	0.087	0.163	0.132	0.173	0.086	0.086	0.085	0.084	0.140	0.103	0.103	0.102	0.098	0.126	0.084	0.091	0.190	1.102	1.091	1.131	1.107	0.145	0.087	0.086	0.128	0.110	0.108	0.112	0.108	0.142	0.106	0.087	0.088	0.955	0.927	0.959	0.980	0.093	0.105	0.087	0.087	0.198	0.171	0.175	0.140	0.093	0.094	0.087	0.088	1.214	1.243	1.217	1.092	0.237	0.252	0.087	0.095	0.224	0.112	0.122	0.142	0.088	0.087	0.085	0.102	1.144	1.184	1.035	1.206	0.085	0.083
14:30:00	0.086	0.111	0.087	0.102	0.084	0.083	0.091	0.090	0.086	0.087	0.181	0.141	0.195	0.086	0.085	0.085	0.084	0.151	0.102	0.103	0.104	0.098	0.138	0.084	0.091	0.175	1.097	1.089	1.126	1.103	0.158	0.086	0.086	0.120	0.110	0.108	0.111	0.109	0.146	0.118	0.087	0.088	0.947	0.922	0.952	0.974	0.093	0.095	0.087	0.087	0.196	0.170	0.172	0.149	0.095	0.089	0.087	0.088	1.203	1.231	1.210	1.098	0.232	0.277	0.087	0.100	0.221	0.112	0.123	0.143	0.088	0.088	0.085	0.103	1.139	1.175	1.017	1.202	0.085	0.083
15:00:00	0.086	0.114	0.087	0.108	0.084	0.083	0.091	0.090	0.086	0.097	0.195	0.157	0.194	0.086	0.085	0.086	0.084	0.158	0.102	0.103	0.104	0.098	0.137	0.084	0.091	0.157	1.091	1.086	1.122	1.099	0.157	0.087	0.086	0.108	0.110	0.109	0.111	0.110	0.153	0.113	0.087	0.101	0.939	0.919	0.943	0.966	0.094	0.098	0.087	0.087	0.197	0.169	0.174	0.151	0.092	0.089	0.087	0.088	1.192	1.221	1.209	1.079	0.214	0.254	0.087	0.099	0.184	0.113	0.121	0.142	0.088	0.086	0.085	0.105	1.128	1.163	1.008	1.182	0.085	0.083
15:30:00	0.086	0.120	0.087	0.114	0.084	0.083	0.091	0.090	0.086	0.098	0.176	0.162	0.179	0.086	0.085	0.085	0.084	0.177	0.102	0.105	0.107	0.098	0.149	0.084	0.091	0.138	1.087	1.083	1.118	1.095	0.166	0.092	0.085	0.098	0.109	0.109	0.111	0.110	0.155	0.112	0.087	0.090	0.933	0.920	0.939	0.962	0.094	0.093	0.087	0.087	0.195	0.171	0.175	0.148	0.094	0.088	0.087	0.088	1.183	1.203	1.201	1.093	0.257	0.301	0.087	0.100	0.222	0.113	0.121	0.143	0.087	0.087	0.085	0.106	1.115	1.159	0.996	1.176	0.085	0.083
16:00:00	0.086	0.117	0.088	0.119	0.083	0.083	0.091	0.090	0.085	0.106	0.166	0.165	0.179	0.086	0.085	0.085	0.084	0.177	0.104	0.103	0.107	0.098	0.148	0.086	0.090	0.113	1.084	1.078	1.115	1.091	0.184	0.091	0.086	0.087	0.109	0.110	0.111	0.111	0.156	0.105	0.087	0.088	0.928	0.917	0.934	0.951	0.094	0.091	0.087	0.087	0.196	0.171	0.174	0.153	0.094	0.089	0.087	0.088	1.176	1.186	1.194	1.081	0.222	0.289	0.087	0.102	0.191	0.113	0.120	0.141	0.088	0.086	0.085	0.105	1.108	1.153	0.989	1.155	0.085	0.083
16:30:00	0.086	0.128	0.087	0.126	0.083	0.083	0.091	0.090	0.085	0.107	0.151	0.130	0.166	0.086	0.085	0.085	0.084	0.194	0.104	0.103	0.108	0.098	0.149	0.085	0.091	0.120	1.079	1.078	1.112	1.088	0.173	0.088	0.086	0.085	0.110	0.110	0.111	0.111	0.161	0.100	0.087	0.088	0.924	0.915	0.928	0.943	0.095	0.094	0.087	0.087	0.194	0.172	0.174	0.156	0.094	0.089	0.087	0.088	1.168	1.178	1.191	1.079	0.205	0.297	0.087	0.104	0.193	0.113	0.119	0.144	0.088	0.088	0.085	0.111	1.101	1.136	0.978	1.161	0.085	0.083
17:00:00	0.086	0.119	0.087	0.131	0.084	0.083	0.091	0.090	0.086	0.121	0.131	0.117	0.195	0.087	0.086	0.085	0.084	0.212	0.105	0.105	0.107	0.099	0.160	0.086	0.091	0.127	1.076	1.079	1.109	1.085	0.214	0.094	0.087	0.085	0.111	0.111	0.111	0.112	0.158	0.106	0.087	0.100	0.920	0.910	0.922	0.941	0.096	0.099	0.087	0.088	0.195	0.168	0.171	0.156	0.093	0.088	0.087	0.088	1.161	1.165	1.190	1.086	0.173	0.323	0.088	0.106	0.225	0.113	0.118	0.143	0.088	0.088	0.085	0.105	1.093	1.129	0.975	1.117	0.085	0.083
17:30:00	0.086	0.116	0.087	0.139	0.084	0.083	0.091	0.090	0.086	0.124	0.149	0.124	0.168	0.087	0.085	0.085	0.084	0.209	0.116	0.104	0.113	0.098	0.152	0.086	0.091	0.123	1.073	1.078	1.106	1.082	0.233	0.095	0.086	0.085	0.111	0.111	0.110	0.112	0.157	0.110	0.087	0.110	0.917	0.908	0.918	0.932	0.097	0.097	0.087	0.087	0.195	0.166	0.170	0.155	0.094	0.088	0.087	0.088	1.157	1.156	1.186	1.072	0.239	0.308	0.087	0.112	0.178	0.113	0.117	0.142	0.088	0.087	0.085	0.101	1.085	1.126	0.967	1.173	0.088	0.083
0:00:00																																																																																
0:00:00																																																																																
0:00:00																																																																																
0:00:00																																																																																
0:00:00																																																																																
0:00:00																																																																																
0:00:00																																																																																
0:00:00																																																																																
0:00:00																																																																																
0:00:00																																																																																
0:00:00																																																																																
0:00:00																																																																																
0:00:00																																																																																

