600
Kinetic read 1 (0:00:00)
	1	2	3	4	5	6	7	8	9	10	11	12
A	0.088	0.085	0.084	0.087	0.085	0.087	0.086	0.086	0.087	0.084	0.085	0.093	600 Read#1
B	0.086	0.085	0.086	0.086	0.085	0.087	0.087	0.086	0.087	0.084	0.086	0.085	600 Read#1
C	0.086	0.086	0.097	0.190	0.096	0.165	0.095	0.180	0.096	0.166	0.086	0.085	600 Read#1
D	0.099	0.086	0.097	0.189	0.095	0.164	0.094	0.190	0.097	0.168	0.085	0.087	600 Read#1
E	0.086	0.086	0.098	0.194	0.096	0.148	0.098	0.169	0.097	0.167	0.085	0.087	600 Read#1
F	0.086	0.087	0.097	0.192	0.096	0.164	0.094	0.193	0.097	0.168	0.085	0.085	600 Read#1
G	0.085	0.086	0.085	0.084	0.090	0.087	0.087	0.088	0.087	0.085	0.086	0.085	600 Read#1
H	0.086	0.092	0.084	0.088	0.086	0.087	0.086	0.085	0.086	0.083	0.085	0.086	600 Read#1

600
Kinetic read 2 (0:30:00)
	1	2	3	4	5	6	7	8	9	10	11	12
A	0.088	0.085	0.084	0.087	0.085	0.087	0.086	0.086	0.087	0.084	0.085	0.095	600 Read#2
B	0.086	0.086	0.085	0.086	0.085	0.087	0.087	0.086	0.087	0.084	0.086	0.085	600 Read#2
C	0.087	0.086	0.097	0.254	0.096	0.149	0.095	0.233	0.095	0.150	0.086	0.085	600 Read#2
D	0.104	0.086	0.097	0.251	0.095	0.148	0.094	0.249	0.097	0.152	0.085	0.087	600 Read#2
E	0.095	0.086	0.098	0.256	0.097	0.136	0.097	0.216	0.097	0.151	0.086	0.087	600 Read#2
F	0.087	0.087	0.096	0.255	0.095	0.148	0.094	0.252	0.097	0.151	0.085	0.085	600 Read#2
G	0.085	0.085	0.085	0.085	0.089	0.087	0.088	0.092	0.086	0.085	0.086	0.087	600 Read#2
H	0.087	0.092	0.084	0.088	0.086	0.087	0.086	0.085	0.086	0.083	0.084	0.086	600 Read#2

600
Kinetic read 3 (1:00:00)
	1	2	3	4	5	6	7	8	9	10	11	12
A	0.091	0.085	0.084	0.087	0.085	0.087	0.086	0.086	0.087	0.084	0.085	0.088	600 Read#3
B	0.101	0.092	0.089	0.086	0.085	0.087	0.087	0.086	0.087	0.084	0.086	0.085	600 Read#3
C	0.113	0.104	0.108	0.355	0.097	0.134	0.095	0.306	0.095	0.135	0.086	0.085	600 Read#3
D	0.130	0.114	0.107	0.355	0.096	0.133	0.094	0.328	0.096	0.136	0.085	0.087	600 Read#3
E	0.131	0.115	0.102	0.355	0.096	0.123	0.095	0.278	0.097	0.135	0.086	0.087	600 Read#3
F	0.124	0.100	0.097	0.353	0.096	0.133	0.094	0.333	0.097	0.136	0.085	0.085	600 Read#3
G	0.085	0.085	0.085	0.085	0.086	0.087	0.088	0.104	0.086	0.085	0.086	0.086	600 Read#3
H	0.087	0.092	0.084	0.088	0.086	0.087	0.086	0.086	0.086	0.083	0.084	0.086	600 Read#3

600
Kinetic read 4 (1:30:00)
	1	2	3	4	5	6	7	8	9	10	11	12
A	0.106	0.085	0.084	0.087	0.085	0.087	0.087	0.086	0.087	0.084	0.085	0.088	600 Read#4
B	0.118	0.106	0.109	0.098	0.085	0.087	0.087	0.086	0.087	0.084	0.086	0.085	600 Read#4
C	0.135	0.124	0.124	0.479	0.102	0.126	0.095	0.368	0.096	0.127	0.086	0.085	600 Read#4
D	0.155	0.140	0.128	0.487	0.100	0.126	0.094	0.395	0.097	0.128	0.085	0.087	600 Read#4
E	0.163	0.144	0.121	0.487	0.096	0.118	0.095	0.327	0.097	0.128	0.086	0.087	600 Read#4
F	0.155	0.117	0.097	0.464	0.096	0.126	0.094	0.404	0.097	0.128	0.085	0.085	600 Read#4
G	0.085	0.085	0.086	0.085	0.087	0.087	0.089	0.120	0.087	0.085	0.086	0.086	600 Read#4
H	0.087	0.092	0.084	0.088	0.086	0.087	0.086	0.087	0.086	0.083	0.085	0.086	600 Read#4

600
Kinetic read 5 (2:00:00)
	1	2	3	4	5	6	7	8	9	10	11	12
A	0.122	0.085	0.084	0.087	0.085	0.086	0.086	0.086	0.087	0.084	0.085	0.088	600 Read#5
B	0.133	0.119	0.126	0.109	0.094	0.087	0.087	0.086	0.087	0.084	0.086	0.085	600 Read#5
C	0.153	0.141	0.136	0.632	0.112	0.122	0.095	0.411	0.096	0.123	0.085	0.085	600 Read#5
D	0.174	0.161	0.146	0.656	0.109	0.122	0.094	0.448	0.097	0.124	0.085	0.087	600 Read#5
E	0.195	0.164	0.137	0.660	0.096	0.114	0.094	0.355	0.097	0.123	0.086	0.087	600 Read#5
F	0.180	0.130	0.100	0.617	0.096	0.122	0.095	0.462	0.097	0.123	0.085	0.085	600 Read#5
G	0.085	0.086	0.086	0.086	0.087	0.088	0.090	0.123	0.087	0.085	0.086	0.086	600 Read#5
H	0.087	0.092	0.084	0.088	0.086	0.087	0.086	0.088	0.086	0.083	0.084	0.086	600 Read#5

600
Kinetic read 6 (2:30:00)
	1	2	3	4	5	6	7	8	9	10	11	12
A	0.136	0.089	0.084	0.087	0.085	0.087	0.087	0.086	0.088	0.084	0.085	0.088	600 Read#6
B	0.145	0.130	0.142	0.120	0.103	0.087	0.087	0.086	0.087	0.084	0.086	0.085	600 Read#6
C	0.172	0.155	0.147	0.764	0.122	0.123	0.096	0.448	0.096	0.120	0.086	0.085	600 Read#6
D	0.188	0.177	0.164	0.796	0.116	0.120	0.095	0.498	0.097	0.121	0.086	0.087	600 Read#6
E	0.215	0.183	0.151	0.801	0.097	0.112	0.099	0.369	0.097	0.121	0.086	0.087	600 Read#6
F	0.200	0.144	0.113	0.744	0.097	0.121	0.095	0.525	0.097	0.121	0.085	0.085	600 Read#6
G	0.095	0.087	0.087	0.087	0.088	0.089	0.091	0.122	0.088	0.085	0.086	0.086	600 Read#6
H	0.087	0.092	0.084	0.088	0.086	0.087	0.087	0.091	0.086	0.083	0.085	0.086	600 Read#6

600
Kinetic read 7 (3:00:00)
	1	2	3	4	5	6	7	8	9	10	11	12
A	0.147	0.095	0.084	0.087	0.085	0.087	0.087	0.086	0.088	0.084	0.085	0.088	600 Read#7
B	0.157	0.142	0.156	0.130	0.110	0.093	0.087	0.086	0.087	0.084	0.086	0.085	600 Read#7
C	0.185	0.169	0.158	0.875	0.130	0.125	0.096	0.474	0.096	0.119	0.086	0.085	600 Read#7
D	0.202	0.191	0.178	0.917	0.124	0.120	0.095	0.531	0.097	0.120	0.086	0.087	600 Read#7
E	0.234	0.198	0.163	0.923	0.097	0.111	0.100	0.378	0.097	0.120	0.086	0.087	600 Read#7
F	0.212	0.159	0.127	0.860	0.098	0.120	0.096	0.560	0.098	0.119	0.086	0.085	600 Read#7
G	0.094	0.090	0.087	0.088	0.089	0.090	0.092	0.122	0.088	0.085	0.086	0.086	600 Read#7
H	0.087	0.092	0.084	0.088	0.086	0.087	0.087	0.097	0.086	0.083	0.085	0.086	600 Read#7

600
Kinetic read 8 (3:30:00)
	1	2	3	4	5	6	7	8	9	10	11	12
A	0.154	0.102	0.084	0.087	0.085	0.087	0.087	0.086	0.087	0.084	0.085	0.088	600 Read#8
B	0.164	0.152	0.167	0.140	0.117	0.099	0.087	0.086	0.087	0.084	0.086	0.085	600 Read#8
C	0.203	0.182	0.168	0.966	0.138	0.129	0.096	0.494	0.096	0.118	0.086	0.085	600 Read#8
D	0.214	0.203	0.191	1.019	0.133	0.121	0.095	0.563	0.097	0.119	0.085	0.087	600 Read#8
E	0.252	0.214	0.176	1.027	0.097	0.110	0.100	0.380	0.097	0.118	0.086	0.094	600 Read#8
F	0.227	0.170	0.140	0.964	0.099	0.119	0.097	0.598	0.098	0.118	0.085	0.085	600 Read#8
G	0.095	0.095	0.088	0.088	0.089	0.090	0.094	0.139	0.091	0.085	0.086	0.086	600 Read#8
H	0.090	0.092	0.084	0.088	0.086	0.087	0.087	0.099	0.086	0.083	0.085	0.086	600 Read#8

600
Kinetic read 9 (4:00:00)
	1	2	3	4	5	6	7	8	9	10	11	12
A	0.162	0.097	0.085	0.087	0.085	0.087	0.087	0.086	0.088	0.084	0.085	0.088	600 Read#9
B	0.173	0.161	0.174	0.150	0.124	0.109	0.090	0.087	0.087	0.084	0.086	0.085	600 Read#9
C	0.217	0.196	0.176	1.053	0.147	0.139	0.097	0.515	0.096	0.117	0.086	0.086	600 Read#9
D	0.228	0.214	0.202	1.101	0.141	0.124	0.096	0.597	0.097	0.118	0.086	0.087	600 Read#9
E	0.259	0.224	0.188	1.113	0.098	0.110	0.096	0.380	0.097	0.118	0.086	0.088	600 Read#9
F	0.241	0.182	0.153	1.052	0.100	0.119	0.097	0.640	0.098	0.119	0.086	0.086	600 Read#9
G	0.095	0.106	0.092	0.089	0.090	0.091	0.098	0.137	0.095	0.085	0.087	0.086	600 Read#9
H	0.091	0.092	0.084	0.089	0.087	0.088	0.087	0.099	0.086	0.083	0.085	0.086	600 Read#9

600
Kinetic read 10 (4:30:00)
	1	2	3	4	5	6	7	8	9	10	11	12
A	0.171	0.100	0.086	0.087	0.086	0.087	0.087	0.086	0.088	0.084	0.085	0.088	600 Read#10
B	0.180	0.169	0.181	0.159	0.132	0.117	0.100	0.087	0.087	0.084	0.086	0.085	600 Read#10
C	0.227	0.209	0.185	1.124	0.155	0.147	0.099	0.537	0.096	0.116	0.086	0.086	600 Read#10
D	0.243	0.225	0.214	1.168	0.149	0.125	0.095	0.637	0.097	0.118	0.086	0.087	600 Read#10
E	0.267	0.233	0.199	1.182	0.098	0.110	0.097	0.378	0.097	0.117	0.086	0.093	600 Read#10
F	0.250	0.192	0.162	1.122	0.100	0.119	0.097	0.684	0.098	0.117	0.085	0.086	600 Read#10
G	0.095	0.108	0.091	0.088	0.090	0.092	0.101	0.141	0.094	0.085	0.087	0.086	600 Read#10
H	0.091	0.092	0.084	0.089	0.086	0.087	0.087	0.097	0.086	0.083	0.085	0.086	600 Read#10

600
Kinetic read 11 (5:00:00)
	1	2	3	4	5	6	7	8	9	10	11	12
A	0.177	0.101	0.086	0.087	0.086	0.087	0.087	0.086	0.088	0.084	0.085	0.088	600 Read#11
B	0.188	0.177	0.189	0.169	0.140	0.126	0.110	0.090	0.087	0.084	0.086	0.085	600 Read#11
C	0.239	0.221	0.194	1.190	0.162	0.155	0.106	0.565	0.096	0.116	0.086	0.086	600 Read#11
D	0.252	0.235	0.224	1.214	0.155	0.126	0.095	0.677	0.097	0.117	0.086	0.087	600 Read#11
E	0.273	0.242	0.209	1.232	0.098	0.110	0.096	0.375	0.097	0.117	0.086	0.088	600 Read#11
F	0.256	0.201	0.170	1.177	0.100	0.119	0.097	0.726	0.098	0.116	0.085	0.086	600 Read#11
G	0.095	0.109	0.091	0.089	0.090	0.093	0.105	0.143	0.093	0.085	0.086	0.086	600 Read#11
H	0.091	0.092	0.084	0.089	0.087	0.087	0.087	0.097	0.086	0.083	0.085	0.086	600 Read#11

600
Kinetic read 12 (5:30:00)
	1	2	3	4	5	6	7	8	9	10	11	12
A	0.174	0.101	0.085	0.087	0.085	0.087	0.087	0.086	0.087	0.084	0.085	0.088	600 Read#12
B	0.194	0.184	0.195	0.179	0.145	0.133	0.118	0.096	0.088	0.084	0.086	0.085	600 Read#12
C	0.244	0.229	0.200	1.238	0.168	0.161	0.115	0.602	0.096	0.115	0.086	0.086	600 Read#12
D	0.253	0.243	0.232	1.251	0.162	0.130	0.096	0.728	0.098	0.117	0.086	0.087	600 Read#12
E	0.271	0.254	0.215	1.270	0.099	0.111	0.095	0.376	0.098	0.117	0.086	0.088	600 Read#12
F	0.261	0.210	0.177	1.218	0.103	0.119	0.098	0.773	0.099	0.117	0.086	0.086	600 Read#12
G	0.094	0.112	0.092	0.091	0.096	0.099	0.112	0.151	0.098	0.086	0.086	0.086	600 Read#12
H	0.091	0.092	0.084	0.089	0.087	0.088	0.088	0.094	0.086	0.083	0.085	0.086	600 Read#12

600
Kinetic read 13 (6:00:00)
	1	2	3	4	5	6	7	8	9	10	11	12
A	0.174	0.099	0.085	0.087	0.086	0.087	0.087	0.086	0.087	0.084	0.085	0.088	600 Read#13
B	0.199	0.191	0.200	0.187	0.152	0.140	0.127	0.105	0.090	0.084	0.086	0.085	600 Read#13
C	0.242	0.242	0.207	1.274	0.174	0.170	0.124	0.650	0.097	0.115	0.086	0.086	600 Read#13
D	0.264	0.257	0.240	1.284	0.169	0.133	0.097	0.784	0.100	0.117	0.087	0.134	600 Read#13
E	0.275	0.257	0.225	1.305	0.099	0.111	0.097	0.381	0.098	0.117	0.086	0.088	600 Read#13
F	0.261	0.217	0.185	1.256	0.109	0.120	0.101	0.821	0.100	0.117	0.086	0.086	600 Read#13
G	0.094	0.114	0.094	0.098	0.104	0.108	0.122	0.158	0.108	0.088	0.086	0.086	600 Read#13
H	0.091	0.092	0.084	0.090	0.088	0.088	0.088	0.100	0.086	0.083	0.085	0.086	600 Read#13

600
Kinetic read 14 (6:30:00)
	1	2	3	4	5	6	7	8	9	10	11	12
A	0.165	0.097	0.085	0.087	0.085	0.087	0.087	0.086	0.088	0.084	0.085	0.088	600 Read#14
B	0.204	0.196	0.208	0.194	0.158	0.146	0.133	0.114	0.096	0.084	0.086	0.085	600 Read#14
C	0.241	0.245	0.213	1.307	0.180	0.176	0.132	0.699	0.099	0.115	0.086	0.086	600 Read#14
D	0.273	0.266	0.248	1.307	0.176	0.137	0.097	0.837	0.105	0.118	0.087	0.156	600 Read#14
E	0.273	0.267	0.233	1.330	0.099	0.111	0.099	0.388	0.098	0.117	0.086	0.088	600 Read#14
F	0.263	0.226	0.193	1.283	0.114	0.121	0.105	0.868	0.104	0.117	0.086	0.086	600 Read#14
G	0.095	0.114	0.095	0.101	0.111	0.115	0.130	0.172	0.117	0.092	0.086	0.086	600 Read#14
H	0.091	0.092	0.085	0.089	0.090	0.088	0.089	0.097	0.086	0.083	0.085	0.086	600 Read#14

600
Kinetic read 15 (7:00:00)
	1	2	3	4	5	6	7	8	9	10	11	12
A	0.156	0.094	0.085	0.087	0.086	0.087	0.087	0.086	0.088	0.085	0.086	0.088	600 Read#15
B	0.210	0.201	0.214	0.200	0.163	0.153	0.140	0.121	0.101	0.085	0.086	0.085	600 Read#15
C	0.247	0.255	0.219	1.331	0.186	0.183	0.139	0.747	0.102	0.115	0.086	0.086	600 Read#15
D	0.279	0.267	0.258	1.331	0.182	0.140	0.098	0.888	0.111	0.118	0.087	0.177	600 Read#15
E	0.279	0.276	0.241	1.353	0.099	0.112	0.099	0.398	0.099	0.121	0.087	0.089	600 Read#15
F	0.261	0.233	0.200	1.306	0.118	0.123	0.109	0.914	0.108	0.117	0.087	0.086	600 Read#15
G	0.096	0.114	0.096	0.103	0.117	0.122	0.138	0.177	0.126	0.096	0.087	0.086	600 Read#15
H	0.092	0.092	0.085	0.090	0.093	0.088	0.089	0.099	0.086	0.083	0.085	0.086	600 Read#15

600
Kinetic read 16 (7:30:00)
	1	2	3	4	5	6	7	8	9	10	11	12
A	0.147	0.090	0.085	0.087	0.085	0.087	0.087	0.086	0.088	0.085	0.086	0.088	600 Read#16
B	0.211	0.207	0.221	0.208	0.169	0.159	0.146	0.128	0.106	0.086	0.086	0.085	600 Read#16
C	0.252	0.260	0.226	1.353	0.192	0.191	0.146	0.795	0.108	0.116	0.088	0.086	600 Read#16
D	0.290	0.278	0.265	1.355	0.185	0.145	0.102	0.928	0.118	0.119	0.096	0.185	600 Read#16
E	0.281	0.283	0.246	1.377	0.099	0.112	0.098	0.411	0.101	0.127	0.094	0.120	600 Read#16
F	0.262	0.240	0.207	1.331	0.124	0.127	0.115	0.951	0.115	0.118	0.090	0.086	600 Read#16
G	0.096	0.116	0.096	0.108	0.124	0.130	0.146	0.191	0.134	0.102	0.086	0.086	600 Read#16
H	0.092	0.092	0.084	0.089	0.098	0.088	0.089	0.104	0.086	0.084	0.085	0.086	600 Read#16

600
Kinetic read 17 (8:00:00)
	1	2	3	4	5	6	7	8	9	10	11	12
A	0.123	0.086	0.085	0.087	0.085	0.087	0.087	0.086	0.088	0.085	0.086	0.088	600 Read#17
B	0.211	0.211	0.226	0.215	0.173	0.165	0.152	0.134	0.113	0.092	0.087	0.085	600 Read#17
C	0.254	0.377	0.235	1.373	0.196	0.198	0.153	0.836	0.117	0.120	0.092	0.086	600 Read#17
D	0.290	0.405	0.273	1.373	0.191	0.152	0.107	0.962	0.127	0.124	0.104	0.190	600 Read#17
E	0.286	0.292	0.252	1.407	0.100	0.112	0.098	0.424	0.104	0.134	0.101	0.116	600 Read#17
F	0.261	0.246	0.215	1.358	0.131	0.131	0.121	0.987	0.122	0.121	0.096	0.086	600 Read#17
G	0.095	0.116	0.097	0.112	0.130	0.138	0.153	0.193	0.143	0.110	0.087	0.086	600 Read#17
H	0.092	0.092	0.085	0.090	0.100	0.088	0.089	0.100	0.086	0.083	0.085	0.086	600 Read#17

600
Kinetic read 18 (8:30:00)
	1	2	3	4	5	6	7	8	9	10	11	12
A	0.118	0.092	0.090	0.089	0.086	0.087	0.087	0.086	0.087	0.085	0.085	0.088	600 Read#18
B	0.214	0.215	0.233	0.221	0.179	0.171	0.159	0.141	0.119	0.097	0.088	0.085	600 Read#18
C	0.260	0.225	0.237	1.395	0.201	0.207	0.159	0.870	0.124	0.125	0.097	0.086	600 Read#18
D	0.296	0.262	0.289	1.360	0.197	0.160	0.116	0.997	0.134	0.128	0.111	0.200	600 Read#18
E	0.294	0.219	0.256	1.400	0.102	0.118	0.098	0.437	0.107	0.140	0.108	0.104	600 Read#18
F	0.270	0.195	0.223	1.373	0.139	0.136	0.127	1.023	0.128	0.123	0.103	0.086	600 Read#18
G	0.102	0.121	0.097	0.115	0.134	0.143	0.161	0.197	0.151	0.117	0.087	0.086	600 Read#18
H	0.092	0.092	0.084	0.089	0.102	0.088	0.089	0.107	0.086	0.083	0.085	0.086	600 Read#18

600
Kinetic read 19 (9:00:00)
	1	2	3	4	5	6	7	8	9	10	11	12
A	0.120	0.102	0.099	0.092	0.087	0.087	0.087	0.086	0.088	0.085	0.086	0.088	600 Read#19
B	0.218	0.221	0.239	0.226	0.185	0.176	0.165	0.148	0.125	0.103	0.089	0.085	600 Read#19
C	0.253	0.230	0.244	1.417	0.206	0.214	0.166	0.900	0.130	0.130	0.101	0.086	600 Read#19
D	0.308	0.267	0.297	1.351	0.203	0.167	0.125	1.030	0.142	0.133	0.117	0.194	600 Read#19
E	0.297	0.239	0.255	1.390	0.103	0.120	0.098	0.448	0.110	0.146	0.115	0.107	600 Read#19
F	0.289	0.199	0.229	1.359	0.142	0.138	0.131	1.058	0.134	0.126	0.109	0.086	600 Read#19
G	0.111	0.125	0.097	0.114	0.136	0.147	0.167	0.207	0.157	0.123	0.087	0.086	600 Read#19
H	0.092	0.092	0.085	0.089	0.098	0.088	0.090	0.106	0.086	0.084	0.085	0.086	600 Read#19

600
Kinetic read 20 (9:30:00)
	1	2	3	4	5	6	7	8	9	10	11	12
A	0.122	0.112	0.108	0.097	0.091	0.087	0.087	0.086	0.088	0.084	0.086	0.088	600 Read#20
B	0.224	0.227	0.247	0.234	0.191	0.182	0.172	0.155	0.130	0.108	0.090	0.085	600 Read#20
C	0.259	0.236	0.247	1.406	0.211	0.222	0.173	0.933	0.136	0.135	0.105	0.086	600 Read#20
D	0.313	0.272	0.309	1.347	0.210	0.177	0.137	1.058	0.148	0.138	0.123	0.198	600 Read#20
E	0.309	0.259	0.261	1.383	0.111	0.127	0.100	0.461	0.112	0.151	0.121	0.108	600 Read#20
F	0.294	0.211	0.238	1.354	0.149	0.141	0.135	1.086	0.140	0.129	0.115	0.086	600 Read#20
G	0.127	0.135	0.099	0.116	0.139	0.151	0.172	0.209	0.164	0.129	0.088	0.086	600 Read#20
H	0.092	0.092	0.084	0.089	0.105	0.088	0.089	0.106	0.086	0.083	0.085	0.086	600 Read#20

600
Kinetic read 21 (10:00:00)
	1	2	3	4	5	6	7	8	9	10	11	12
A	0.125	0.120	0.114	0.099	0.091	0.087	0.087	0.086	0.088	0.085	0.086	0.088	600 Read#21
B	0.230	0.231	0.254	0.238	0.197	0.188	0.178	0.161	0.134	0.112	0.091	0.085	600 Read#21
C	0.259	0.244	0.253	1.397	0.216	0.228	0.179	0.963	0.141	0.139	0.109	0.086	600 Read#21
D	0.327	0.273	0.316	1.347	0.215	0.184	0.145	1.086	0.154	0.143	0.128	0.201	600 Read#21
E	0.322	0.281	0.262	1.378	0.113	0.129	0.099	0.476	0.114	0.156	0.126	0.093	600 Read#21
F	0.295	0.226	0.245	1.351	0.153	0.144	0.139	1.113	0.145	0.132	0.121	0.086	600 Read#21
G	0.136	0.141	0.100	0.117	0.141	0.154	0.176	0.217	0.170	0.134	0.089	0.086	600 Read#21
H	0.092	0.092	0.084	0.089	0.098	0.088	0.089	0.111	0.086	0.083	0.085	0.086	600 Read#21

600
Kinetic read 22 (10:30:00)
	1	2	3	4	5	6	7	8	9	10	11	12
A	0.129	0.128	0.119	0.100	0.092	0.087	0.087	0.086	0.088	0.084	0.085	0.088	600 Read#22
B	0.233	0.237	0.259	0.242	0.204	0.195	0.183	0.167	0.139	0.115	0.091	0.085	600 Read#22
C	0.266	0.251	0.260	1.394	0.220	0.235	0.185	0.980	0.145	0.143	0.112	0.086	600 Read#22
D	0.336	0.276	0.326	1.348	0.219	0.193	0.154	1.096	0.160	0.146	0.134	0.208	600 Read#22
E	0.322	0.293	0.268	1.378	0.119	0.134	0.100	0.490	0.115	0.161	0.131	0.099	600 Read#22
F	0.300	0.243	0.252	1.352	0.158	0.148	0.142	1.146	0.150	0.134	0.126	0.086	600 Read#22
G	0.149	0.149	0.102	0.119	0.145	0.157	0.181	0.222	0.176	0.139	0.089	0.086	600 Read#22
H	0.092	0.092	0.084	0.089	0.104	0.088	0.089	0.110	0.086	0.083	0.085	0.086	600 Read#22

600
Kinetic read 23 (11:00:00)
	1	2	3	4	5	6	7	8	9	10	11	12
A	0.132	0.134	0.123	0.102	0.092	0.087	0.087	0.086	0.088	0.085	0.085	0.088	600 Read#23
B	0.237	0.241	0.266	0.249	0.210	0.200	0.190	0.171	0.143	0.119	0.092	0.085	600 Read#23
C	0.274	0.246	0.263	1.393	0.225	0.242	0.191	0.985	0.149	0.146	0.116	0.086	600 Read#23
D	0.341	0.279	0.335	1.345	0.224	0.202	0.163	1.096	0.165	0.150	0.140	0.212	600 Read#23
E	0.332	0.290	0.273	1.380	0.125	0.140	0.101	0.501	0.118	0.166	0.136	0.096	600 Read#23
F	0.311	0.254	0.258	1.353	0.165	0.152	0.146	1.153	0.154	0.137	0.130	0.086	600 Read#23
G	0.161	0.157	0.106	0.122	0.148	0.161	0.184	0.224	0.182	0.145	0.090	0.086	600 Read#23
H	0.092	0.092	0.084	0.089	0.103	0.088	0.090	0.109	0.086	0.084	0.085	0.086	600 Read#23

600
Kinetic read 24 (11:30:00)
	1	2	3	4	5	6	7	8	9	10	11	12
A	0.136	0.139	0.125	0.102	0.092	0.087	0.087	0.086	0.088	0.084	0.085	0.088	600 Read#24
B	0.242	0.246	0.261	0.294	0.207	0.204	0.195	0.175	0.146	0.122	0.092	0.085	600 Read#24
C	0.280	0.254	0.262	1.393	0.230	0.247	0.195	0.987	0.153	0.149	0.119	0.086	600 Read#24
D	0.333	0.265	0.335	1.343	0.231	0.208	0.170	1.100	0.169	0.155	0.144	0.212	600 Read#24
E	0.335	0.314	0.278	1.381	0.127	0.143	0.099	0.511	0.121	0.170	0.140	0.095	600 Read#24
F	0.323	0.259	0.265	1.354	0.169	0.154	0.149	1.158	0.159	0.140	0.135	0.086	600 Read#24
G	0.171	0.162	0.107	0.124	0.150	0.164	0.188	0.227	0.188	0.149	0.090	0.086	600 Read#24
H	0.092	0.092	0.084	0.089	0.102	0.088	0.089	0.115	0.086	0.083	0.085	0.086	600 Read#24

600
Kinetic read 25 (12:00:00)
	1	2	3	4	5	6	7	8	9	10	11	12
A	0.143	0.144	0.127	0.102	0.092	0.087	0.087	0.086	0.088	0.084	0.085	0.088	600 Read#25
B	0.243	0.226	0.271	0.278	0.212	0.208	0.199	0.179	0.150	0.125	0.093	0.085	600 Read#25
C	0.287	0.258	0.267	1.394	0.234	0.252	0.200	0.995	0.157	0.154	0.123	0.086	600 Read#25
D	0.336	0.271	0.342	1.346	0.237	0.216	0.178	1.107	0.175	0.159	0.149	0.215	600 Read#25
E	0.337	0.317	0.284	1.382	0.134	0.149	0.102	0.522	0.124	0.175	0.144	0.095	600 Read#25
F	0.337	0.256	0.271	1.356	0.175	0.158	0.153	1.165	0.164	0.143	0.140	0.086	600 Read#25
G	0.184	0.169	0.111	0.128	0.155	0.169	0.194	0.239	0.194	0.156	0.093	0.086	600 Read#25
H	0.092	0.092	0.085	0.090	0.098	0.088	0.089	0.106	0.086	0.084	0.085	0.086	600 Read#25

600
Kinetic read 26 (12:30:00)
	1	2	3	4	5	6	7	8	9	10	11	12
A	0.147	0.148	0.128	0.101	0.091	0.087	0.087	0.086	0.088	0.085	0.086	0.088	600 Read#26
B	0.247	0.236	0.274	0.284	0.217	0.214	0.203	0.184	0.154	0.129	0.096	0.085	600 Read#26
C	0.291	0.263	0.275	1.390	0.238	0.257	0.205	1.005	0.161	0.159	0.127	0.086	600 Read#26
D	0.317	0.275	0.349	1.349	0.242	0.222	0.185	1.116	0.180	0.164	0.152	0.216	600 Read#26
E	0.344	0.319	0.288	1.385	0.141	0.155	0.102	0.532	0.127	0.180	0.148	0.097	600 Read#26
F	0.337	0.261	0.276	1.359	0.181	0.162	0.157	1.173	0.169	0.147	0.145	0.086	600 Read#26
G	0.192	0.176	0.117	0.132	0.158	0.173	0.199	0.239	0.198	0.161	0.096	0.086	600 Read#26
H	0.092	0.092	0.085	0.089	0.107	0.088	0.090	0.118	0.086	0.083	0.085	0.086	600 Read#26

600
Kinetic read 27 (13:00:00)
	1	2	3	4	5	6	7	8	9	10	11	12
A	0.153	0.152	0.129	0.101	0.090	0.087	0.087	0.086	0.088	0.085	0.085	0.088	600 Read#27
B	0.250	0.243	0.284	0.285	0.223	0.218	0.208	0.188	0.157	0.133	0.099	0.085	600 Read#27
C	0.290	0.267	0.283	1.393	0.243	0.263	0.209	1.017	0.165	0.163	0.130	0.086	600 Read#27
D	0.310	0.279	0.355	1.353	0.246	0.229	0.193	1.126	0.185	0.168	0.156	0.218	600 Read#27
E	0.352	0.299	0.294	1.390	0.148	0.161	0.103	0.543	0.130	0.185	0.152	0.101	600 Read#27
F	0.348	0.267	0.282	1.363	0.186	0.166	0.161	1.182	0.174	0.151	0.149	0.086	600 Read#27
G	0.202	0.182	0.123	0.137	0.163	0.178	0.203	0.249	0.204	0.167	0.099	0.086	600 Read#27
H	0.092	0.092	0.085	0.089	0.099	0.088	0.090	0.111	0.086	0.084	0.085	0.086	600 Read#27

600
Kinetic read 28 (13:30:00)
	1	2	3	4	5	6	7	8	9	10	11	12
A	0.162	0.155	0.131	0.101	0.090	0.087	0.087	0.086	0.088	0.085	0.086	0.088	600 Read#28
B	0.255	0.244	0.292	0.289	0.227	0.223	0.212	0.193	0.161	0.137	0.102	0.085	600 Read#28
C	0.303	0.272	0.289	1.395	0.247	0.264	0.214	1.029	0.169	0.168	0.134	0.086	600 Read#28
D	0.292	0.287	0.350	1.356	0.251	0.235	0.199	1.135	0.190	0.172	0.159	0.223	600 Read#28
E	0.361	0.315	0.300	1.389	0.152	0.165	0.105	0.552	0.135	0.191	0.157	0.102	600 Read#28
F	0.355	0.268	0.283	1.366	0.191	0.169	0.165	1.193	0.179	0.156	0.154	0.086	600 Read#28
G	0.207	0.188	0.127	0.140	0.166	0.183	0.208	0.254	0.209	0.173	0.103	0.086	600 Read#28
H	0.092	0.092	0.085	0.090	0.096	0.088	0.090	0.110	0.086	0.084	0.085	0.087	600 Read#28

600
Kinetic read 29 (14:00:00)
	1	2	3	4	5	6	7	8	9	10	11	12
A	0.167	0.157	0.131	0.100	0.089	0.087	0.087	0.086	0.088	0.085	0.086	0.088	600 Read#29
B	0.258	0.241	0.298	0.293	0.231	0.228	0.215	0.196	0.165	0.140	0.105	0.085	600 Read#29
C	0.308	0.266	0.293	1.399	0.251	0.269	0.218	1.041	0.173	0.172	0.137	0.086	600 Read#29
D	0.301	0.292	0.357	1.361	0.254	0.240	0.206	1.145	0.195	0.176	0.162	0.229	600 Read#29
E	0.369	0.323	0.305	1.390	0.159	0.172	0.107	0.560	0.140	0.195	0.162	0.104	600 Read#29
F	0.371	0.268	0.289	1.371	0.196	0.174	0.170	1.203	0.184	0.161	0.158	0.086	600 Read#29
G	0.213	0.193	0.132	0.145	0.170	0.187	0.213	0.257	0.213	0.179	0.107	0.086	600 Read#29
H	0.092	0.092	0.085	0.089	0.099	0.089	0.090	0.114	0.086	0.084	0.085	0.087	600 Read#29

600
Kinetic read 30 (14:30:00)
	1	2	3	4	5	6	7	8	9	10	11	12
A	0.171	0.160	0.130	0.098	0.087	0.087	0.087	0.086	0.088	0.084	0.085	0.088	600 Read#30
B	0.262	0.241	0.297	0.298	0.237	0.231	0.219	0.200	0.168	0.143	0.108	0.085	600 Read#30
C	0.312	0.270	0.296	1.399	0.257	0.274	0.222	1.052	0.176	0.177	0.140	0.086	600 Read#30
D	0.312	0.296	0.359	1.366	0.260	0.244	0.212	1.153	0.200	0.180	0.165	0.241	600 Read#30
E	0.381	0.348	0.307	1.394	0.164	0.177	0.110	0.568	0.145	0.199	0.166	0.109	600 Read#30
F	0.378	0.275	0.288	1.376	0.200	0.177	0.173	1.213	0.187	0.165	0.163	0.086	600 Read#30
G	0.219	0.199	0.137	0.148	0.173	0.192	0.219	0.258	0.214	0.184	0.111	0.086	600 Read#30
H	0.092	0.092	0.085	0.090	0.094	0.088	0.090	0.112	0.086	0.083	0.085	0.087	600 Read#30

600
Kinetic read 31 (15:00:00)
	1	2	3	4	5	6	7	8	9	10	11	12
A	0.176	0.161	0.130	0.097	0.087	0.087	0.087	0.086	0.088	0.084	0.085	0.088	600 Read#31
B	0.267	0.239	0.301	0.304	0.242	0.236	0.223	0.204	0.171	0.147	0.112	0.085	600 Read#31
C	0.316	0.274	0.288	1.402	0.260	0.275	0.225	1.062	0.181	0.181	0.144	0.086	600 Read#31
D	0.314	0.291	0.364	1.370	0.263	0.248	0.218	1.162	0.205	0.184	0.171	0.251	600 Read#31
E	0.386	0.311	0.311	1.399	0.169	0.181	0.112	0.577	0.150	0.203	0.170	0.111	600 Read#31
F	0.332	0.278	0.290	1.379	0.204	0.180	0.177	1.222	0.193	0.169	0.167	0.086	600 Read#31
G	0.229	0.204	0.139	0.151	0.176	0.196	0.222	0.263	0.219	0.189	0.114	0.086	600 Read#31
H	0.092	0.092	0.085	0.089	0.098	0.088	0.090	0.118	0.086	0.084	0.085	0.087	600 Read#31

600
Kinetic read 32 (15:30:00)
	1	2	3	4	5	6	7	8	9	10	11	12
A	0.180	0.163	0.128	0.094	0.086	0.087	0.087	0.086	0.088	0.084	0.085	0.088	600 Read#32
B	0.273	0.240	0.305	0.305	0.244	0.240	0.224	0.207	0.174	0.150	0.116	0.085	600 Read#32
C	0.324	0.280	0.292	1.406	0.262	0.278	0.228	1.070	0.185	0.184	0.148	0.086	600 Read#32
D	0.318	0.295	0.361	1.376	0.268	0.251	0.224	1.170	0.209	0.188	0.171	0.250	600 Read#32
E	0.395	0.325	0.317	1.405	0.171	0.185	0.113	0.585	0.155	0.208	0.174	0.114	600 Read#32
F	0.338	0.288	0.292	1.383	0.207	0.183	0.181	1.231	0.197	0.173	0.171	0.086	600 Read#32
G	0.235	0.210	0.142	0.154	0.179	0.200	0.226	0.273	0.224	0.194	0.118	0.086	600 Read#32
H	0.092	0.092	0.085	0.089	0.102	0.088	0.089	0.117	0.086	0.084	0.085	0.086	600 Read#32

600
Kinetic read 33 (16:00:00)
	1	2	3	4	5	6	7	8	9	10	11	12
A	0.184	0.164	0.126	0.092	0.086	0.087	0.087	0.087	0.087	0.084	0.085	0.088	600 Read#33
B	0.278	0.242	0.311	0.309	0.249	0.245	0.228	0.212	0.177	0.154	0.120	0.085	600 Read#33
C	0.325	0.283	0.288	1.411	0.264	0.281	0.232	1.078	0.188	0.189	0.152	0.086	600 Read#33
D	0.321	0.298	0.367	1.380	0.274	0.253	0.230	1.179	0.214	0.192	0.176	0.250	600 Read#33
E	0.397	0.334	0.324	1.406	0.175	0.190	0.116	0.594	0.160	0.212	0.179	0.118	600 Read#33
F	0.342	0.294	0.295	1.389	0.211	0.187	0.184	1.241	0.201	0.177	0.176	0.086	600 Read#33
G	0.243	0.215	0.146	0.157	0.184	0.205	0.231	0.273	0.228	0.200	0.121	0.086	600 Read#33
H	0.092	0.092	0.085	0.089	0.108	0.089	0.090	0.115	0.086	0.084	0.085	0.086	600 Read#33

600
Kinetic read 34 (16:30:00)
	1	2	3	4	5	6	7	8	9	10	11	12
A	0.186	0.166	0.124	0.092	0.086	0.087	0.087	0.086	0.088	0.084	0.086	0.088	600 Read#34
B	0.262	0.229	0.201	0.313	0.256	0.250	0.230	0.210	0.181	0.159	0.123	0.085	600 Read#34
C	0.330	0.286	0.291	1.416	0.268	0.285	0.236	1.087	0.191	0.193	0.155	0.086	600 Read#34
D	0.328	0.304	0.360	1.383	0.279	0.258	0.235	1.188	0.219	0.196	0.178	0.255	600 Read#34
E	0.282	0.352	0.328	1.408	0.179	0.195	0.121	0.603	0.165	0.216	0.182	0.121	600 Read#34
F	0.345	0.299	0.288	1.394	0.214	0.191	0.188	1.250	0.206	0.181	0.180	0.086	600 Read#34
G	0.251	0.222	0.151	0.162	0.188	0.210	0.232	0.281	0.233	0.205	0.125	0.086	600 Read#34
H	0.092	0.092	0.085	0.090	0.104	0.088	0.090	0.118	0.086	0.084	0.085	0.087	600 Read#34

600
Kinetic read 35 (17:00:00)
	1	2	3	4	5	6	7	8	9	10	11	12
A	0.191	0.167	0.123	0.091	0.086	0.087	0.087	0.086	0.088	0.085	0.086	0.088	600 Read#35
B	0.267	0.231	0.225	0.315	0.258	0.251	0.234	0.213	0.184	0.162	0.127	0.085	600 Read#35
C	0.335	0.291	0.294	1.421	0.271	0.288	0.239	1.094	0.195	0.197	0.158	0.086	600 Read#35
D	0.337	0.313	0.364	1.388	0.286	0.263	0.240	1.196	0.223	0.200	0.182	0.261	600 Read#35
E	0.289	0.350	0.333	1.410	0.184	0.200	0.125	0.608	0.171	0.220	0.186	0.125	600 Read#35
F	0.354	0.305	0.291	1.398	0.218	0.194	0.192	1.258	0.211	0.185	0.185	0.086	600 Read#35
G	0.262	0.227	0.154	0.165	0.191	0.215	0.235	0.280	0.233	0.210	0.129	0.086	600 Read#35
H	0.092	0.092	0.085	0.089	0.103	0.088	0.092	0.114	0.086	0.084	0.085	0.086	600 Read#35

600
Kinetic read 36 (17:30:00)
	1	2	3	4	5	6	7	8	9	10	11	12
A	0.197	0.167	0.121	0.090	0.086	0.087	0.087	0.086	0.088	0.085	0.085	0.088	600 Read#36
B	0.272	0.235	0.243	0.318	0.262	0.254	0.238	0.214	0.187	0.165	0.131	0.085	600 Read#36
C	0.343	0.295	0.296	1.426	0.276	0.290	0.242	1.102	0.199	0.201	0.162	0.086	600 Read#36
D	0.372	0.323	0.331	1.390	0.290	0.266	0.245	1.203	0.227	0.204	0.184	0.266	600 Read#36
E	0.242	0.354	0.338	1.416	0.189	0.205	0.130	0.620	0.176	0.224	0.191	0.129	600 Read#36
F	0.363	0.310	0.294	1.405	0.222	0.197	0.195	1.267	0.215	0.189	0.190	0.086	600 Read#36
G	0.276	0.231	0.157	0.169	0.194	0.219	0.237	0.284	0.237	0.216	0.133	0.086	600 Read#36
H	0.092	0.092	0.085	0.089	0.099	0.088	0.091	0.122	0.086	0.084	0.085	0.086	600 Read#36

600
Kinetic read 37 (0:00:00)
	1	2	3	4	5	6	7	8	9	10	11	12
A													600 Read#37
B													600 Read#37
C													600 Read#37
D													600 Read#37
E													600 Read#37
F													600 Read#37
G													600 Read#37
H													600 Read#37

600
Kinetic read 38 (0:00:00)
	1	2	3	4	5	6	7	8	9	10	11	12
A													600 Read#38
B													600 Read#38
C													600 Read#38
D													600 Read#38
E													600 Read#38
F													600 Read#38
G													600 Read#38
H													600 Read#38

600
Kinetic read 39 (0:00:00)
	1	2	3	4	5	6	7	8	9	10	11	12
A													600 Read#39
B													600 Read#39
C													600 Read#39
D													600 Read#39
E													600 Read#39
F													600 Read#39
G													600 Read#39
H													600 Read#39

600
Kinetic read 40 (0:00:00)
	1	2	3	4	5	6	7	8	9	10	11	12
A													600 Read#40
B													600 Read#40
C													600 Read#40
D													600 Read#40
E													600 Read#40
F													600 Read#40
G													600 Read#40
H													600 Read#40

600
Kinetic read 41 (0:00:00)
	1	2	3	4	5	6	7	8	9	10	11	12
A													600 Read#41
B													600 Read#41
C													600 Read#41
D													600 Read#41
E													600 Read#41
F													600 Read#41
G													600 Read#41
H													600 Read#41

600
Kinetic read 42 (0:00:00)
	1	2	3	4	5	6	7	8	9	10	11	12
A													600 Read#42
B													600 Read#42
C													600 Read#42
D													600 Read#42
E													600 Read#42
F													600 Read#42
G													600 Read#42
H													600 Read#42

600
Kinetic read 43 (0:00:00)
	1	2	3	4	5	6	7	8	9	10	11	12
A													600 Read#43
B													600 Read#43
C													600 Read#43
D													600 Read#43
E													600 Read#43
F													600 Read#43
G													600 Read#43
H													600 Read#43

600
Kinetic read 44 (0:00:00)
	1	2	3	4	5	6	7	8	9	10	11	12
A													600 Read#44
B													600 Read#44
C													600 Read#44
D													600 Read#44
E													600 Read#44
F													600 Read#44
G													600 Read#44
H													600 Read#44

600
Kinetic read 45 (0:00:00)
	1	2	3	4	5	6	7	8	9	10	11	12
A													600 Read#45
B													600 Read#45
C													600 Read#45
D													600 Read#45
E													600 Read#45
F													600 Read#45
G													600 Read#45
H													600 Read#45

600
Kinetic read 46 (0:00:00)
	1	2	3	4	5	6	7	8	9	10	11	12
A													600 Read#46
B													600 Read#46
C													600 Read#46
D													600 Read#46
E													600 Read#46
F													600 Read#46
G													600 Read#46
H													600 Read#46

600
Kinetic read 47 (0:00:00)
	1	2	3	4	5	6	7	8	9	10	11	12
A													600 Read#47
B													600 Read#47
C													600 Read#47
D													600 Read#47
E													600 Read#47
F													600 Read#47
G													600 Read#47
H													600 Read#47

600
Kinetic read 48 (0:00:00)
	1	2	3	4	5	6	7	8	9	10	11	12
A													600 Read#48
B													600 Read#48
C													600 Read#48
D													600 Read#48
E													600 Read#48
F													600 Read#48
G													600 Read#48
H													600 Read#48

600
Kinetic read 49 (0:00:00)
	1	2	3	4	5	6	7	8	9	10	11	12
A													600 Read#49
B													600 Read#49
C													600 Read#49
D													600 Read#49
E													600 Read#49
F													600 Read#49
G													600 Read#49
H													600 Read#49

600

Kinetic read	A1	B1	C1	D1	E1	F1	G1	H1	A2	B2	C2	D2	E2	F2	G2	H2	A3	B3	C3	D3	E3	F3	G3	H3	A4	B4	C4	D4	E4	F4	G4	H4	A5	B5	C5	D5	E5	F5	G5	H5	A6	B6	C6	D6	E6	F6	G6	H6	A7	B7	C7	D7	E7	F7	G7	H7	A8	B8	C8	D8	E8	F8	G8	H8	A9	B9	C9	D9	E9	F9	G9	H9	A10	B10	C10	D10	E10	F10	G10	H10
0:00:00	0.088	0.086	0.086	0.099	0.086	0.086	0.085	0.086	0.085	0.085	0.086	0.086	0.086	0.087	0.086	0.092	0.084	0.086	0.097	0.097	0.098	0.097	0.085	0.084	0.087	0.086	0.190	0.189	0.194	0.192	0.084	0.088	0.085	0.085	0.096	0.095	0.096	0.096	0.090	0.086	0.087	0.087	0.165	0.164	0.148	0.164	0.087	0.087	0.086	0.087	0.095	0.094	0.098	0.094	0.087	0.086	0.086	0.086	0.180	0.190	0.169	0.193	0.088	0.085	0.087	0.087	0.096	0.097	0.097	0.097	0.087	0.086	0.084	0.084	0.166	0.168	0.167	0.168	0.085	0.083
0:30:00	0.088	0.086	0.087	0.104	0.095	0.087	0.085	0.087	0.085	0.086	0.086	0.086	0.086	0.087	0.085	0.092	0.084	0.085	0.097	0.097	0.098	0.096	0.085	0.084	0.087	0.086	0.254	0.251	0.256	0.255	0.085	0.088	0.085	0.085	0.096	0.095	0.097	0.095	0.089	0.086	0.087	0.087	0.149	0.148	0.136	0.148	0.087	0.087	0.086	0.087	0.095	0.094	0.097	0.094	0.088	0.086	0.086	0.086	0.233	0.249	0.216	0.252	0.092	0.085	0.087	0.087	0.095	0.097	0.097	0.097	0.086	0.086	0.084	0.084	0.150	0.152	0.151	0.151	0.085	0.083
1:00:00	0.091	0.101	0.113	0.130	0.131	0.124	0.085	0.087	0.085	0.092	0.104	0.114	0.115	0.100	0.085	0.092	0.084	0.089	0.108	0.107	0.102	0.097	0.085	0.084	0.087	0.086	0.355	0.355	0.355	0.353	0.085	0.088	0.085	0.085	0.097	0.096	0.096	0.096	0.086	0.086	0.087	0.087	0.134	0.133	0.123	0.133	0.087	0.087	0.086	0.087	0.095	0.094	0.095	0.094	0.088	0.086	0.086	0.086	0.306	0.328	0.278	0.333	0.104	0.086	0.087	0.087	0.095	0.096	0.097	0.097	0.086	0.086	0.084	0.084	0.135	0.136	0.135	0.136	0.085	0.083
1:30:00	0.106	0.118	0.135	0.155	0.163	0.155	0.085	0.087	0.085	0.106	0.124	0.140	0.144	0.117	0.085	0.092	0.084	0.109	0.124	0.128	0.121	0.097	0.086	0.084	0.087	0.098	0.479	0.487	0.487	0.464	0.085	0.088	0.085	0.085	0.102	0.100	0.096	0.096	0.087	0.086	0.087	0.087	0.126	0.126	0.118	0.126	0.087	0.087	0.087	0.087	0.095	0.094	0.095	0.094	0.089	0.086	0.086	0.086	0.368	0.395	0.327	0.404	0.120	0.087	0.087	0.087	0.096	0.097	0.097	0.097	0.087	0.086	0.084	0.084	0.127	0.128	0.128	0.128	0.085	0.083
2:00:00	0.122	0.133	0.153	0.174	0.195	0.180	0.085	0.087	0.085	0.119	0.141	0.161	0.164	0.130	0.086	0.092	0.084	0.126	0.136	0.146	0.137	0.100	0.086	0.084	0.087	0.109	0.632	0.656	0.660	0.617	0.086	0.088	0.085	0.094	0.112	0.109	0.096	0.096	0.087	0.086	0.086	0.087	0.122	0.122	0.114	0.122	0.088	0.087	0.086	0.087	0.095	0.094	0.094	0.095	0.090	0.086	0.086	0.086	0.411	0.448	0.355	0.462	0.123	0.088	0.087	0.087	0.096	0.097	0.097	0.097	0.087	0.086	0.084	0.084	0.123	0.124	0.123	0.123	0.085	0.083
2:30:00	0.136	0.145	0.172	0.188	0.215	0.200	0.095	0.087	0.089	0.130	0.155	0.177	0.183	0.144	0.087	0.092	0.084	0.142	0.147	0.164	0.151	0.113	0.087	0.084	0.087	0.120	0.764	0.796	0.801	0.744	0.087	0.088	0.085	0.103	0.122	0.116	0.097	0.097	0.088	0.086	0.087	0.087	0.123	0.120	0.112	0.121	0.089	0.087	0.087	0.087	0.096	0.095	0.099	0.095	0.091	0.087	0.086	0.086	0.448	0.498	0.369	0.525	0.122	0.091	0.088	0.087	0.096	0.097	0.097	0.097	0.088	0.086	0.084	0.084	0.120	0.121	0.121	0.121	0.085	0.083
3:00:00	0.147	0.157	0.185	0.202	0.234	0.212	0.094	0.087	0.095	0.142	0.169	0.191	0.198	0.159	0.090	0.092	0.084	0.156	0.158	0.178	0.163	0.127	0.087	0.084	0.087	0.130	0.875	0.917	0.923	0.860	0.088	0.088	0.085	0.110	0.130	0.124	0.097	0.098	0.089	0.086	0.087	0.093	0.125	0.120	0.111	0.120	0.090	0.087	0.087	0.087	0.096	0.095	0.100	0.096	0.092	0.087	0.086	0.086	0.474	0.531	0.378	0.560	0.122	0.097	0.088	0.087	0.096	0.097	0.097	0.098	0.088	0.086	0.084	0.084	0.119	0.120	0.120	0.119	0.085	0.083
3:30:00	0.154	0.164	0.203	0.214	0.252	0.227	0.095	0.090	0.102	0.152	0.182	0.203	0.214	0.170	0.095	0.092	0.084	0.167	0.168	0.191	0.176	0.140	0.088	0.084	0.087	0.140	0.966	1.019	1.027	0.964	0.088	0.088	0.085	0.117	0.138	0.133	0.097	0.099	0.089	0.086	0.087	0.099	0.129	0.121	0.110	0.119	0.090	0.087	0.087	0.087	0.096	0.095	0.100	0.097	0.094	0.087	0.086	0.086	0.494	0.563	0.380	0.598	0.139	0.099	0.087	0.087	0.096	0.097	0.097	0.098	0.091	0.086	0.084	0.084	0.118	0.119	0.118	0.118	0.085	0.083
4:00:00	0.162	0.173	0.217	0.228	0.259	0.241	0.095	0.091	0.097	0.161	0.196	0.214	0.224	0.182	0.106	0.092	0.085	0.174	0.176	0.202	0.188	0.153	0.092	0.084	0.087	0.150	1.053	1.101	1.113	1.052	0.089	0.089	0.085	0.124	0.147	0.141	0.098	0.100	0.090	0.087	0.087	0.109	0.139	0.124	0.110	0.119	0.091	0.088	0.087	0.090	0.097	0.096	0.096	0.097	0.098	0.087	0.086	0.087	0.515	0.597	0.380	0.640	0.137	0.099	0.088	0.087	0.096	0.097	0.097	0.098	0.095	0.086	0.084	0.084	0.117	0.118	0.118	0.119	0.085	0.083
4:30:00	0.171	0.180	0.227	0.243	0.267	0.250	0.095	0.091	0.100	0.169	0.209	0.225	0.233	0.192	0.108	0.092	0.086	0.181	0.185	0.214	0.199	0.162	0.091	0.084	0.087	0.159	1.124	1.168	1.182	1.122	0.088	0.089	0.086	0.132	0.155	0.149	0.098	0.100	0.090	0.086	0.087	0.117	0.147	0.125	0.110	0.119	0.092	0.087	0.087	0.100	0.099	0.095	0.097	0.097	0.101	0.087	0.086	0.087	0.537	0.637	0.378	0.684	0.141	0.097	0.088	0.087	0.096	0.097	0.097	0.098	0.094	0.086	0.084	0.084	0.116	0.118	0.117	0.117	0.085	0.083
5:00:00	0.177	0.188	0.239	0.252	0.273	0.256	0.095	0.091	0.101	0.177	0.221	0.235	0.242	0.201	0.109	0.092	0.086	0.189	0.194	0.224	0.209	0.170	0.091	0.084	0.087	0.169	1.190	1.214	1.232	1.177	0.089	0.089	0.086	0.140	0.162	0.155	0.098	0.100	0.090	0.087	0.087	0.126	0.155	0.126	0.110	0.119	0.093	0.087	0.087	0.110	0.106	0.095	0.096	0.097	0.105	0.087	0.086	0.090	0.565	0.677	0.375	0.726	0.143	0.097	0.088	0.087	0.096	0.097	0.097	0.098	0.093	0.086	0.084	0.084	0.116	0.117	0.117	0.116	0.085	0.083
5:30:00	0.174	0.194	0.244	0.253	0.271	0.261	0.094	0.091	0.101	0.184	0.229	0.243	0.254	0.210	0.112	0.092	0.085	0.195	0.200	0.232	0.215	0.177	0.092	0.084	0.087	0.179	1.238	1.251	1.270	1.218	0.091	0.089	0.085	0.145	0.168	0.162	0.099	0.103	0.096	0.087	0.087	0.133	0.161	0.130	0.111	0.119	0.099	0.088	0.087	0.118	0.115	0.096	0.095	0.098	0.112	0.088	0.086	0.096	0.602	0.728	0.376	0.773	0.151	0.094	0.087	0.088	0.096	0.098	0.098	0.099	0.098	0.086	0.084	0.084	0.115	0.117	0.117	0.117	0.086	0.083
6:00:00	0.174	0.199	0.242	0.264	0.275	0.261	0.094	0.091	0.099	0.191	0.242	0.257	0.257	0.217	0.114	0.092	0.085	0.200	0.207	0.240	0.225	0.185	0.094	0.084	0.087	0.187	1.274	1.284	1.305	1.256	0.098	0.090	0.086	0.152	0.174	0.169	0.099	0.109	0.104	0.088	0.087	0.140	0.170	0.133	0.111	0.120	0.108	0.088	0.087	0.127	0.124	0.097	0.097	0.101	0.122	0.088	0.086	0.105	0.650	0.784	0.381	0.821	0.158	0.100	0.087	0.090	0.097	0.100	0.098	0.100	0.108	0.086	0.084	0.084	0.115	0.117	0.117	0.117	0.088	0.083
6:30:00	0.165	0.204	0.241	0.273	0.273	0.263	0.095	0.091	0.097	0.196	0.245	0.266	0.267	0.226	0.114	0.092	0.085	0.208	0.213	0.248	0.233	0.193	0.095	0.085	0.087	0.194	1.307	1.307	1.330	1.283	0.101	0.089	0.085	0.158	0.180	0.176	0.099	0.114	0.111	0.090	0.087	0.146	0.176	0.137	0.111	0.121	0.115	0.088	0.087	0.133	0.132	0.097	0.099	0.105	0.130	0.089	0.086	0.114	0.699	0.837	0.388	0.868	0.172	0.097	0.088	0.096	0.099	0.105	0.098	0.104	0.117	0.086	0.084	0.084	0.115	0.118	0.117	0.117	0.092	0.083
7:00:00	0.156	0.210	0.247	0.279	0.279	0.261	0.096	0.092	0.094	0.201	0.255	0.267	0.276	0.233	0.114	0.092	0.085	0.214	0.219	0.258	0.241	0.200	0.096	0.085	0.087	0.200	1.331	1.331	1.353	1.306	0.103	0.090	0.086	0.163	0.186	0.182	0.099	0.118	0.117	0.093	0.087	0.153	0.183	0.140	0.112	0.123	0.122	0.088	0.087	0.140	0.139	0.098	0.099	0.109	0.138	0.089	0.086	0.121	0.747	0.888	0.398	0.914	0.177	0.099	0.088	0.101	0.102	0.111	0.099	0.108	0.126	0.086	0.085	0.085	0.115	0.118	0.121	0.117	0.096	0.083
7:30:00	0.147	0.211	0.252	0.290	0.281	0.262	0.096	0.092	0.090	0.207	0.260	0.278	0.283	0.240	0.116	0.092	0.085	0.221	0.226	0.265	0.246	0.207	0.096	0.084	0.087	0.208	1.353	1.355	1.377	1.331	0.108	0.089	0.085	0.169	0.192	0.185	0.099	0.124	0.124	0.098	0.087	0.159	0.191	0.145	0.112	0.127	0.130	0.088	0.087	0.146	0.146	0.102	0.098	0.115	0.146	0.089	0.086	0.128	0.795	0.928	0.411	0.951	0.191	0.104	0.088	0.106	0.108	0.118	0.101	0.115	0.134	0.086	0.085	0.086	0.116	0.119	0.127	0.118	0.102	0.084
8:00:00	0.123	0.211	0.254	0.290	0.286	0.261	0.095	0.092	0.086	0.211	0.377	0.405	0.292	0.246	0.116	0.092	0.085	0.226	0.235	0.273	0.252	0.215	0.097	0.085	0.087	0.215	1.373	1.373	1.407	1.358	0.112	0.090	0.085	0.173	0.196	0.191	0.100	0.131	0.130	0.100	0.087	0.165	0.198	0.152	0.112	0.131	0.138	0.088	0.087	0.152	0.153	0.107	0.098	0.121	0.153	0.089	0.086	0.134	0.836	0.962	0.424	0.987	0.193	0.100	0.088	0.113	0.117	0.127	0.104	0.122	0.143	0.086	0.085	0.092	0.120	0.124	0.134	0.121	0.110	0.083
8:30:00	0.118	0.214	0.260	0.296	0.294	0.270	0.102	0.092	0.092	0.215	0.225	0.262	0.219	0.195	0.121	0.092	0.090	0.233	0.237	0.289	0.256	0.223	0.097	0.084	0.089	0.221	1.395	1.360	1.400	1.373	0.115	0.089	0.086	0.179	0.201	0.197	0.102	0.139	0.134	0.102	0.087	0.171	0.207	0.160	0.118	0.136	0.143	0.088	0.087	0.159	0.159	0.116	0.098	0.127	0.161	0.089	0.086	0.141	0.870	0.997	0.437	1.023	0.197	0.107	0.087	0.119	0.124	0.134	0.107	0.128	0.151	0.086	0.085	0.097	0.125	0.128	0.140	0.123	0.117	0.083
9:00:00	0.120	0.218	0.253	0.308	0.297	0.289	0.111	0.092	0.102	0.221	0.230	0.267	0.239	0.199	0.125	0.092	0.099	0.239	0.244	0.297	0.255	0.229	0.097	0.085	0.092	0.226	1.417	1.351	1.390	1.359	0.114	0.089	0.087	0.185	0.206	0.203	0.103	0.142	0.136	0.098	0.087	0.176	0.214	0.167	0.120	0.138	0.147	0.088	0.087	0.165	0.166	0.125	0.098	0.131	0.167	0.090	0.086	0.148	0.900	1.030	0.448	1.058	0.207	0.106	0.088	0.125	0.130	0.142	0.110	0.134	0.157	0.086	0.085	0.103	0.130	0.133	0.146	0.126	0.123	0.084
9:30:00	0.122	0.224	0.259	0.313	0.309	0.294	0.127	0.092	0.112	0.227	0.236	0.272	0.259	0.211	0.135	0.092	0.108	0.247	0.247	0.309	0.261	0.238	0.099	0.084	0.097	0.234	1.406	1.347	1.383	1.354	0.116	0.089	0.091	0.191	0.211	0.210	0.111	0.149	0.139	0.105	0.087	0.182	0.222	0.177	0.127	0.141	0.151	0.088	0.087	0.172	0.173	0.137	0.100	0.135	0.172	0.089	0.086	0.155	0.933	1.058	0.461	1.086	0.209	0.106	0.088	0.130	0.136	0.148	0.112	0.140	0.164	0.086	0.084	0.108	0.135	0.138	0.151	0.129	0.129	0.083
10:00:00	0.125	0.230	0.259	0.327	0.322	0.295	0.136	0.092	0.120	0.231	0.244	0.273	0.281	0.226	0.141	0.092	0.114	0.254	0.253	0.316	0.262	0.245	0.100	0.084	0.099	0.238	1.397	1.347	1.378	1.351	0.117	0.089	0.091	0.197	0.216	0.215	0.113	0.153	0.141	0.098	0.087	0.188	0.228	0.184	0.129	0.144	0.154	0.088	0.087	0.178	0.179	0.145	0.099	0.139	0.176	0.089	0.086	0.161	0.963	1.086	0.476	1.113	0.217	0.111	0.088	0.134	0.141	0.154	0.114	0.145	0.170	0.086	0.085	0.112	0.139	0.143	0.156	0.132	0.134	0.083
10:30:00	0.129	0.233	0.266	0.336	0.322	0.300	0.149	0.092	0.128	0.237	0.251	0.276	0.293	0.243	0.149	0.092	0.119	0.259	0.260	0.326	0.268	0.252	0.102	0.084	0.100	0.242	1.394	1.348	1.378	1.352	0.119	0.089	0.092	0.204	0.220	0.219	0.119	0.158	0.145	0.104	0.087	0.195	0.235	0.193	0.134	0.148	0.157	0.088	0.087	0.183	0.185	0.154	0.100	0.142	0.181	0.089	0.086	0.167	0.980	1.096	0.490	1.146	0.222	0.110	0.088	0.139	0.145	0.160	0.115	0.150	0.176	0.086	0.084	0.115	0.143	0.146	0.161	0.134	0.139	0.083
11:00:00	0.132	0.237	0.274	0.341	0.332	0.311	0.161	0.092	0.134	0.241	0.246	0.279	0.290	0.254	0.157	0.092	0.123	0.266	0.263	0.335	0.273	0.258	0.106	0.084	0.102	0.249	1.393	1.345	1.380	1.353	0.122	0.089	0.092	0.210	0.225	0.224	0.125	0.165	0.148	0.103	0.087	0.200	0.242	0.202	0.140	0.152	0.161	0.088	0.087	0.190	0.191	0.163	0.101	0.146	0.184	0.090	0.086	0.171	0.985	1.096	0.501	1.153	0.224	0.109	0.088	0.143	0.149	0.165	0.118	0.154	0.182	0.086	0.085	0.119	0.146	0.150	0.166	0.137	0.145	0.084
11:30:00	0.136	0.242	0.280	0.333	0.335	0.323	0.171	0.092	0.139	0.246	0.254	0.265	0.314	0.259	0.162	0.092	0.125	0.261	0.262	0.335	0.278	0.265	0.107	0.084	0.102	0.294	1.393	1.343	1.381	1.354	0.124	0.089	0.092	0.207	0.230	0.231	0.127	0.169	0.150	0.102	0.087	0.204	0.247	0.208	0.143	0.154	0.164	0.088	0.087	0.195	0.195	0.170	0.099	0.149	0.188	0.089	0.086	0.175	0.987	1.100	0.511	1.158	0.227	0.115	0.088	0.146	0.153	0.169	0.121	0.159	0.188	0.086	0.084	0.122	0.149	0.155	0.170	0.140	0.149	0.083
12:00:00	0.143	0.243	0.287	0.336	0.337	0.337	0.184	0.092	0.144	0.226	0.258	0.271	0.317	0.256	0.169	0.092	0.127	0.271	0.267	0.342	0.284	0.271	0.111	0.085	0.102	0.278	1.394	1.346	1.382	1.356	0.128	0.090	0.092	0.212	0.234	0.237	0.134	0.175	0.155	0.098	0.087	0.208	0.252	0.216	0.149	0.158	0.169	0.088	0.087	0.199	0.200	0.178	0.102	0.153	0.194	0.089	0.086	0.179	0.995	1.107	0.522	1.165	0.239	0.106	0.088	0.150	0.157	0.175	0.124	0.164	0.194	0.086	0.084	0.125	0.154	0.159	0.175	0.143	0.156	0.084
12:30:00	0.147	0.247	0.291	0.317	0.344	0.337	0.192	0.092	0.148	0.236	0.263	0.275	0.319	0.261	0.176	0.092	0.128	0.274	0.275	0.349	0.288	0.276	0.117	0.085	0.101	0.284	1.390	1.349	1.385	1.359	0.132	0.089	0.091	0.217	0.238	0.242	0.141	0.181	0.158	0.107	0.087	0.214	0.257	0.222	0.155	0.162	0.173	0.088	0.087	0.203	0.205	0.185	0.102	0.157	0.199	0.090	0.086	0.184	1.005	1.116	0.532	1.173	0.239	0.118	0.088	0.154	0.161	0.180	0.127	0.169	0.198	0.086	0.085	0.129	0.159	0.164	0.180	0.147	0.161	0.083
13:00:00	0.153	0.250	0.290	0.310	0.352	0.348	0.202	0.092	0.152	0.243	0.267	0.279	0.299	0.267	0.182	0.092	0.129	0.284	0.283	0.355	0.294	0.282	0.123	0.085	0.101	0.285	1.393	1.353	1.390	1.363	0.137	0.089	0.090	0.223	0.243	0.246	0.148	0.186	0.163	0.099	0.087	0.218	0.263	0.229	0.161	0.166	0.178	0.088	0.087	0.208	0.209	0.193	0.103	0.161	0.203	0.090	0.086	0.188	1.017	1.126	0.543	1.182	0.249	0.111	0.088	0.157	0.165	0.185	0.130	0.174	0.204	0.086	0.085	0.133	0.163	0.168	0.185	0.151	0.167	0.084
13:30:00	0.162	0.255	0.303	0.292	0.361	0.355	0.207	0.092	0.155	0.244	0.272	0.287	0.315	0.268	0.188	0.092	0.131	0.292	0.289	0.350	0.300	0.283	0.127	0.085	0.101	0.289	1.395	1.356	1.389	1.366	0.140	0.090	0.090	0.227	0.247	0.251	0.152	0.191	0.166	0.096	0.087	0.223	0.264	0.235	0.165	0.169	0.183	0.088	0.087	0.212	0.214	0.199	0.105	0.165	0.208	0.090	0.086	0.193	1.029	1.135	0.552	1.193	0.254	0.110	0.088	0.161	0.169	0.190	0.135	0.179	0.209	0.086	0.085	0.137	0.168	0.172	0.191	0.156	0.173	0.084
14:00:00	0.167	0.258	0.308	0.301	0.369	0.371	0.213	0.092	0.157	0.241	0.266	0.292	0.323	0.268	0.193	0.092	0.131	0.298	0.293	0.357	0.305	0.289	0.132	0.085	0.100	0.293	1.399	1.361	1.390	1.371	0.145	0.089	0.089	0.231	0.251	0.254	0.159	0.196	0.170	0.099	0.087	0.228	0.269	0.240	0.172	0.174	0.187	0.089	0.087	0.215	0.218	0.206	0.107	0.170	0.213	0.090	0.086	0.196	1.041	1.145	0.560	1.203	0.257	0.114	0.088	0.165	0.173	0.195	0.140	0.184	0.213	0.086	0.085	0.140	0.172	0.176	0.195	0.161	0.179	0.084
14:30:00	0.171	0.262	0.312	0.312	0.381	0.378	0.219	0.092	0.160	0.241	0.270	0.296	0.348	0.275	0.199	0.092	0.130	0.297	0.296	0.359	0.307	0.288	0.137	0.085	0.098	0.298	1.399	1.366	1.394	1.376	0.148	0.090	0.087	0.237	0.257	0.260	0.164	0.200	0.173	0.094	0.087	0.231	0.274	0.244	0.177	0.177	0.192	0.088	0.087	0.219	0.222	0.212	0.110	0.173	0.219	0.090	0.086	0.200	1.052	1.153	0.568	1.213	0.258	0.112	0.088	0.168	0.176	0.200	0.145	0.187	0.214	0.086	0.084	0.143	0.177	0.180	0.199	0.165	0.184	0.083
15:00:00	0.176	0.267	0.316	0.314	0.386	0.332	0.229	0.092	0.161	0.239	0.274	0.291	0.311	0.278	0.204	0.092	0.130	0.301	0.288	0.364	0.311	0.290	0.139	0.085	0.097	0.304	1.402	1.370	1.399	1.379	0.151	0.089	0.087	0.242	0.260	0.263	0.169	0.204	0.176	0.098	0.087	0.236	0.275	0.248	0.181	0.180	0.196	0.088	0.087	0.223	0.225	0.218	0.112	0.177	0.222	0.090	0.086	0.204	1.062	1.162	0.577	1.222	0.263	0.118	0.088	0.171	0.181	0.205	0.150	0.193	0.219	0.086	0.084	0.147	0.181	0.184	0.203	0.169	0.189	0.084
15:30:00	0.180	0.273	0.324	0.318	0.395	0.338	0.235	0.092	0.163	0.240	0.280	0.295	0.325	0.288	0.210	0.092	0.128	0.305	0.292	0.361	0.317	0.292	0.142	0.085	0.094	0.305	1.406	1.376	1.405	1.383	0.154	0.089	0.086	0.244	0.262	0.268	0.171	0.207	0.179	0.102	0.087	0.240	0.278	0.251	0.185	0.183	0.200	0.088	0.087	0.224	0.228	0.224	0.113	0.181	0.226	0.089	0.086	0.207	1.070	1.170	0.585	1.231	0.273	0.117	0.088	0.174	0.185	0.209	0.155	0.197	0.224	0.086	0.084	0.150	0.184	0.188	0.208	0.173	0.194	0.084
16:00:00	0.184	0.278	0.325	0.321	0.397	0.342	0.243	0.092	0.164	0.242	0.283	0.298	0.334	0.294	0.215	0.092	0.126	0.311	0.288	0.367	0.324	0.295	0.146	0.085	0.092	0.309	1.411	1.380	1.406	1.389	0.157	0.089	0.086	0.249	0.264	0.274	0.175	0.211	0.184	0.108	0.087	0.245	0.281	0.253	0.190	0.187	0.205	0.089	0.087	0.228	0.232	0.230	0.116	0.184	0.231	0.090	0.087	0.212	1.078	1.179	0.594	1.241	0.273	0.115	0.087	0.177	0.188	0.214	0.160	0.201	0.228	0.086	0.084	0.154	0.189	0.192	0.212	0.177	0.200	0.084
16:30:00	0.186	0.262	0.330	0.328	0.282	0.345	0.251	0.092	0.166	0.229	0.286	0.304	0.352	0.299	0.222	0.092	0.124	0.201	0.291	0.360	0.328	0.288	0.151	0.085	0.092	0.313	1.416	1.383	1.408	1.394	0.162	0.090	0.086	0.256	0.268	0.279	0.179	0.214	0.188	0.104	0.087	0.250	0.285	0.258	0.195	0.191	0.210	0.088	0.087	0.230	0.236	0.235	0.121	0.188	0.232	0.090	0.086	0.210	1.087	1.188	0.603	1.250	0.281	0.118	0.088	0.181	0.191	0.219	0.165	0.206	0.233	0.086	0.084	0.159	0.193	0.196	0.216	0.181	0.205	0.084
17:00:00	0.191	0.267	0.335	0.337	0.289	0.354	0.262	0.092	0.167	0.231	0.291	0.313	0.350	0.305	0.227	0.092	0.123	0.225	0.294	0.364	0.333	0.291	0.154	0.085	0.091	0.315	1.421	1.388	1.410	1.398	0.165	0.089	0.086	0.258	0.271	0.286	0.184	0.218	0.191	0.103	0.087	0.251	0.288	0.263	0.200	0.194	0.215	0.088	0.087	0.234	0.239	0.240	0.125	0.192	0.235	0.092	0.086	0.213	1.094	1.196	0.608	1.258	0.280	0.114	0.088	0.184	0.195	0.223	0.171	0.211	0.233	0.086	0.085	0.162	0.197	0.200	0.220	0.185	0.210	0.084
17:30:00	0.197	0.272	0.343	0.372	0.242	0.363	0.276	0.092	0.167	0.235	0.295	0.323	0.354	0.310	0.231	0.092	0.121	0.243	0.296	0.331	0.338	0.294	0.157	0.085	0.090	0.318	1.426	1.390	1.416	1.405	0.169	0.089	0.086	0.262	0.276	0.290	0.189	0.222	0.194	0.099	0.087	0.254	0.290	0.266	0.205	0.197	0.219	0.088	0.087	0.238	0.242	0.245	0.130	0.195	0.237	0.091	0.086	0.214	1.102	1.203	0.620	1.267	0.284	0.122	0.088	0.187	0.199	0.227	0.176	0.215	0.237	0.086	0.085	0.165	0.201	0.204	0.224	0.189	0.216	0.084
0:00:00																																																																																
0:00:00																																																																																
0:00:00																																																																																
0:00:00																																																																																
0:00:00																																																																																
0:00:00																																																																																
0:00:00																																																																																
0:00:00																																																																																
0:00:00																																																																																
0:00:00																																																																																
0:00:00																																																																																
0:00:00																																																																																
0:00:00																																																																																

