600
Kinetic read 1 (0:00:00)
	1	2	3	4	5	6	7	8	9	10	11	12
A	0.086	0.085	0.083	0.086	0.086	0.087	0.087	0.087	0.086	0.085	0.085	0.085	600 Read#1
B	0.086	0.087	0.085	0.088	0.085	0.087	0.087	0.087	0.086	0.085	0.086	0.086	600 Read#1
C	0.086	0.087	0.097	0.122	0.110	0.138	0.146	0.152	0.117	0.198	0.086	0.086	600 Read#1
D	0.087	0.087	0.097	0.123	0.127	0.123	0.165	0.208	0.149	0.145	0.086	0.085	600 Read#1
E	0.086	0.087	0.097	0.122	0.125	0.133	0.233	0.260	0.121	0.203	0.087	0.087	600 Read#1
F	0.084	0.087	0.096	0.122	0.110	0.122	0.124	0.172	0.222	0.171	0.087	0.087	600 Read#1
G	0.084	0.086	0.085	0.087	0.085	0.087	0.092	0.089	0.090	0.091	0.087	0.086	600 Read#1
H	0.087	0.086	0.123	0.125	0.126	0.130	0.103	0.102	0.104	0.100	0.085	0.086	600 Read#1

600
Kinetic read 2 (0:30:00)
	1	2	3	4	5	6	7	8	9	10	11	12
A	0.086	0.085	0.083	0.086	0.085	0.087	0.087	0.087	0.086	0.085	0.085	0.084	600 Read#2
B	0.086	0.086	0.085	0.088	0.085	0.086	0.087	0.087	0.086	0.085	0.085	0.085	600 Read#2
C	0.086	0.087	0.096	0.122	0.111	0.130	0.141	0.157	0.108	0.129	0.086	0.086	600 Read#2
D	0.086	0.087	0.097	0.122	0.118	0.122	0.187	0.230	0.156	0.140	0.086	0.085	600 Read#2
E	0.086	0.087	0.096	0.122	0.125	0.131	0.265	0.198	0.116	0.193	0.087	0.087	600 Read#2
F	0.084	0.086	0.096	0.121	0.110	0.122	0.124	0.186	0.150	0.176	0.087	0.086	600 Read#2
G	0.084	0.086	0.085	0.087	0.085	0.087	0.091	0.089	0.090	0.090	0.087	0.086	600 Read#2
H	0.087	0.085	0.126	0.129	0.130	0.134	0.101	0.101	0.102	0.097	0.085	0.086	600 Read#2

600
Kinetic read 3 (1:00:00)
	1	2	3	4	5	6	7	8	9	10	11	12
A	0.086	0.085	0.083	0.086	0.086	0.087	0.087	0.086	0.086	0.085	0.084	0.085	600 Read#3
B	0.086	0.095	0.085	0.088	0.085	0.086	0.087	0.087	0.086	0.085	0.085	0.085	600 Read#3
C	0.086	0.098	0.096	0.122	0.116	0.131	0.136	0.136	0.108	0.129	0.086	0.086	600 Read#3
D	0.087	0.095	0.097	0.122	0.118	0.122	0.188	0.221	0.151	0.144	0.086	0.085	600 Read#3
E	0.086	0.088	0.097	0.122	0.122	0.129	0.196	0.187	0.115	0.184	0.087	0.087	600 Read#3
F	0.084	0.086	0.096	0.122	0.120	0.122	0.117	0.182	0.142	0.155	0.087	0.086	600 Read#3
G	0.084	0.086	0.086	0.089	0.087	0.087	0.091	0.089	0.090	0.090	0.087	0.086	600 Read#3
H	0.087	0.085	0.131	0.134	0.135	0.139	0.101	0.100	0.101	0.097	0.085	0.086	600 Read#3

600
Kinetic read 4 (1:30:00)
	1	2	3	4	5	6	7	8	9	10	11	12
A	0.086	0.084	0.083	0.086	0.085	0.086	0.087	0.086	0.085	0.085	0.084	0.084	600 Read#4
B	0.086	0.109	0.092	0.088	0.084	0.086	0.087	0.087	0.086	0.085	0.085	0.085	600 Read#4
C	0.093	0.114	0.100	0.122	0.115	0.129	0.143	0.138	0.108	0.136	0.086	0.086	600 Read#4
D	0.104	0.110	0.100	0.123	0.115	0.123	0.208	0.269	0.125	0.141	0.086	0.085	600 Read#4
E	0.085	0.094	0.097	0.123	0.126	0.130	0.212	0.188	0.115	0.177	0.087	0.087	600 Read#4
F	0.084	0.087	0.096	0.122	0.125	0.123	0.115	0.183	0.138	0.152	0.086	0.086	600 Read#4
G	0.084	0.086	0.086	0.090	0.087	0.087	0.092	0.089	0.090	0.090	0.087	0.086	600 Read#4
H	0.086	0.085	0.135	0.139	0.140	0.143	0.101	0.099	0.101	0.096	0.084	0.086	600 Read#4

600
Kinetic read 5 (2:00:00)
	1	2	3	4	5	6	7	8	9	10	11	12
A	0.086	0.085	0.083	0.086	0.085	0.087	0.087	0.087	0.086	0.085	0.085	0.084	600 Read#5
B	0.086	0.122	0.102	0.089	0.085	0.086	0.087	0.087	0.086	0.085	0.085	0.086	600 Read#5
C	0.095	0.127	0.105	0.123	0.116	0.127	0.131	0.136	0.109	0.133	0.086	0.086	600 Read#5
D	0.120	0.124	0.105	0.125	0.112	0.123	0.205	0.230	0.118	0.144	0.086	0.085	600 Read#5
E	0.085	0.102	0.098	0.124	0.127	0.130	0.207	0.187	0.115	0.182	0.087	0.086	600 Read#5
F	0.084	0.088	0.097	0.123	0.122	0.123	0.118	0.189	0.133	0.146	0.087	0.086	600 Read#5
G	0.084	0.087	0.087	0.090	0.087	0.087	0.092	0.089	0.090	0.090	0.087	0.086	600 Read#5
H	0.087	0.085	0.139	0.144	0.144	0.147	0.101	0.099	0.100	0.097	0.085	0.086	600 Read#5

600
Kinetic read 6 (2:30:00)
	1	2	3	4	5	6	7	8	9	10	11	12
A	0.086	0.085	0.083	0.086	0.086	0.086	0.087	0.086	0.086	0.085	0.085	0.085	600 Read#6
B	0.086	0.132	0.111	0.097	0.085	0.087	0.087	0.087	0.086	0.085	0.085	0.085	600 Read#6
C	0.111	0.140	0.113	0.126	0.118	0.127	0.148	0.138	0.108	0.134	0.086	0.086	600 Read#6
D	0.146	0.137	0.112	0.126	0.109	0.124	0.217	0.241	0.117	0.142	0.086	0.085	600 Read#6
E	0.097	0.112	0.098	0.124	0.126	0.131	0.208	0.179	0.116	0.173	0.087	0.087	600 Read#6
F	0.084	0.088	0.097	0.123	0.125	0.123	0.121	0.189	0.134	0.151	0.087	0.086	600 Read#6
G	0.084	0.087	0.087	0.090	0.087	0.087	0.092	0.089	0.090	0.090	0.087	0.086	600 Read#6
H	0.087	0.085	0.143	0.147	0.147	0.150	0.101	0.100	0.100	0.097	0.085	0.086	600 Read#6

600
Kinetic read 7 (3:00:00)
	1	2	3	4	5	6	7	8	9	10	11	12
A	0.086	0.085	0.083	0.086	0.086	0.087	0.087	0.087	0.086	0.085	0.085	0.085	600 Read#7
B	0.086	0.142	0.121	0.106	0.085	0.087	0.087	0.087	0.086	0.085	0.085	0.086	600 Read#7
C	0.123	0.153	0.122	0.130	0.119	0.128	0.133	0.139	0.108	0.138	0.086	0.086	600 Read#7
D	0.165	0.146	0.117	0.128	0.106	0.124	0.216	0.267	0.117	0.147	0.086	0.085	600 Read#7
E	0.102	0.120	0.098	0.124	0.126	0.132	0.201	0.184	0.116	0.171	0.087	0.087	600 Read#7
F	0.084	0.088	0.097	0.123	0.124	0.124	0.124	0.209	0.131	0.145	0.087	0.086	600 Read#7
G	0.084	0.087	0.087	0.090	0.087	0.087	0.092	0.089	0.090	0.091	0.087	0.086	600 Read#7
H	0.087	0.085	0.146	0.150	0.150	0.152	0.101	0.099	0.100	0.097	0.085	0.086	600 Read#7

600
Kinetic read 8 (3:30:00)
	1	2	3	4	5	6	7	8	9	10	11	12
A	0.086	0.085	0.083	0.086	0.086	0.087	0.087	0.087	0.086	0.085	0.085	0.085	600 Read#8
B	0.086	0.153	0.130	0.112	0.085	0.087	0.087	0.087	0.086	0.085	0.085	0.086	600 Read#8
C	0.121	0.165	0.129	0.134	0.120	0.127	0.132	0.137	0.108	0.134	0.086	0.086	600 Read#8
D	0.178	0.156	0.122	0.130	0.111	0.124	0.178	0.248	0.115	0.142	0.086	0.086	600 Read#8
E	0.088	0.127	0.098	0.125	0.128	0.130	0.200	0.177	0.115	0.179	0.087	0.087	600 Read#8
F	0.084	0.087	0.097	0.123	0.124	0.124	0.128	0.200	0.136	0.169	0.087	0.087	600 Read#8
G	0.084	0.087	0.087	0.090	0.087	0.087	0.092	0.089	0.090	0.091	0.087	0.086	600 Read#8
H	0.087	0.085	0.148	0.153	0.153	0.155	0.101	0.100	0.100	0.096	0.085	0.086	600 Read#8

600
Kinetic read 9 (4:00:00)
	1	2	3	4	5	6	7	8	9	10	11	12
A	0.086	0.085	0.083	0.086	0.086	0.087	0.087	0.087	0.086	0.085	0.085	0.085	600 Read#9
B	0.086	0.162	0.137	0.117	0.085	0.086	0.087	0.087	0.086	0.085	0.085	0.086	600 Read#9
C	0.117	0.176	0.136	0.136	0.119	0.127	0.134	0.136	0.108	0.135	0.086	0.086	600 Read#9
D	0.190	0.164	0.126	0.129	0.109	0.124	0.196	0.215	0.117	0.150	0.086	0.085	600 Read#9
E	0.086	0.132	0.098	0.125	0.129	0.128	0.196	0.178	0.116	0.168	0.087	0.087	600 Read#9
F	0.084	0.087	0.096	0.124	0.123	0.124	0.126	0.196	0.126	0.146	0.087	0.086	600 Read#9
G	0.084	0.087	0.086	0.090	0.087	0.087	0.092	0.089	0.090	0.090	0.087	0.086	600 Read#9
H	0.086	0.085	0.150	0.155	0.155	0.156	0.101	0.099	0.100	0.097	0.085	0.086	600 Read#9

600
Kinetic read 10 (4:30:00)
	1	2	3	4	5	6	7	8	9	10	11	12
A	0.086	0.085	0.083	0.086	0.085	0.087	0.087	0.087	0.086	0.085	0.085	0.084	600 Read#10
B	0.086	0.168	0.144	0.124	0.085	0.087	0.087	0.087	0.086	0.085	0.085	0.086	600 Read#10
C	0.107	0.186	0.141	0.138	0.118	0.131	0.130	0.136	0.109	0.130	0.086	0.086	600 Read#10
D	0.195	0.169	0.130	0.130	0.111	0.125	0.187	0.209	0.118	0.156	0.086	0.085	600 Read#10
E	0.085	0.136	0.098	0.125	0.125	0.130	0.193	0.172	0.115	0.173	0.087	0.087	600 Read#10
F	0.084	0.087	0.097	0.124	0.124	0.124	0.126	0.182	0.132	0.150	0.087	0.086	600 Read#10
G	0.084	0.087	0.087	0.090	0.087	0.087	0.092	0.089	0.090	0.090	0.087	0.086	600 Read#10
H	0.087	0.085	0.152	0.158	0.158	0.158	0.101	0.099	0.100	0.098	0.084	0.086	600 Read#10

600
Kinetic read 11 (5:00:00)
	1	2	3	4	5	6	7	8	9	10	11	12
A	0.086	0.085	0.083	0.086	0.086	0.087	0.087	0.087	0.086	0.085	0.085	0.084	600 Read#11
B	0.086	0.172	0.150	0.130	0.085	0.087	0.087	0.087	0.086	0.085	0.085	0.086	600 Read#11
C	0.095	0.195	0.147	0.140	0.118	0.138	0.140	0.139	0.109	0.136	0.086	0.086	600 Read#11
D	0.191	0.176	0.133	0.129	0.108	0.125	0.182	0.203	0.116	0.147	0.086	0.085	600 Read#11
E	0.085	0.138	0.098	0.125	0.117	0.129	0.191	0.184	0.116	0.171	0.087	0.087	600 Read#11
F	0.084	0.087	0.096	0.124	0.123	0.124	0.130	0.185	0.137	0.141	0.087	0.087	600 Read#11
G	0.084	0.086	0.087	0.090	0.087	0.087	0.092	0.089	0.090	0.090	0.087	0.086	600 Read#11
H	0.087	0.085	0.154	0.159	0.159	0.158	0.102	0.100	0.100	0.096	0.084	0.086	600 Read#11

600
Kinetic read 12 (5:30:00)
	1	2	3	4	5	6	7	8	9	10	11	12
A	0.086	0.085	0.083	0.086	0.086	0.087	0.087	0.087	0.086	0.085	0.085	0.084	600 Read#12
B	0.086	0.177	0.155	0.134	0.085	0.087	0.087	0.087	0.086	0.085	0.086	0.086	600 Read#12
C	0.087	0.204	0.151	0.141	0.120	0.143	0.140	0.139	0.110	0.132	0.086	0.086	600 Read#12
D	0.173	0.181	0.134	0.129	0.107	0.126	0.202	0.202	0.115	0.157	0.086	0.085	600 Read#12
E	0.085	0.136	0.097	0.125	0.103	0.129	0.176	0.168	0.116	0.174	0.087	0.087	600 Read#12
F	0.084	0.086	0.096	0.124	0.125	0.124	0.127	0.189	0.127	0.151	0.087	0.087	600 Read#12
G	0.084	0.086	0.087	0.090	0.087	0.087	0.091	0.089	0.090	0.090	0.087	0.086	600 Read#12
H	0.087	0.085	0.156	0.161	0.161	0.159	0.101	0.100	0.100	0.096	0.085	0.086	600 Read#12

600
Kinetic read 13 (6:00:00)
	1	2	3	4	5	6	7	8	9	10	11	12
A	0.086	0.085	0.083	0.086	0.086	0.087	0.087	0.087	0.086	0.085	0.085	0.085	600 Read#13
B	0.086	0.183	0.158	0.136	0.085	0.087	0.087	0.087	0.086	0.085	0.086	0.086	600 Read#13
C	0.087	0.212	0.155	0.141	0.119	0.143	0.134	0.138	0.109	0.131	0.086	0.086	600 Read#13
D	0.165	0.186	0.135	0.128	0.107	0.126	0.187	0.201	0.117	0.151	0.086	0.085	600 Read#13
E	0.085	0.133	0.098	0.125	0.106	0.129	0.164	0.170	0.117	0.171	0.087	0.087	600 Read#13
F	0.085	0.087	0.096	0.124	0.125	0.124	0.133	0.206	0.127	0.147	0.087	0.087	600 Read#13
G	0.084	0.086	0.087	0.090	0.087	0.087	0.092	0.090	0.090	0.091	0.087	0.086	600 Read#13
H	0.087	0.085	0.158	0.162	0.162	0.161	0.102	0.100	0.100	0.098	0.085	0.086	600 Read#13

600
Kinetic read 14 (6:30:00)
	1	2	3	4	5	6	7	8	9	10	11	12
A	0.086	0.085	0.083	0.086	0.086	0.087	0.087	0.087	0.086	0.085	0.085	0.085	600 Read#14
B	0.086	0.186	0.162	0.137	0.085	0.087	0.087	0.087	0.086	0.085	0.086	0.086	600 Read#14
C	0.086	0.216	0.157	0.141	0.119	0.128	0.141	0.138	0.109	0.132	0.086	0.086	600 Read#14
D	0.146	0.191	0.136	0.128	0.107	0.125	0.176	0.203	0.117	0.155	0.086	0.085	600 Read#14
E	0.085	0.129	0.098	0.124	0.106	0.128	0.163	0.171	0.118	0.170	0.087	0.087	600 Read#14
F	0.084	0.086	0.096	0.124	0.125	0.124	0.120	0.198	0.126	0.145	0.087	0.086	600 Read#14
G	0.084	0.086	0.087	0.091	0.088	0.087	0.092	0.090	0.090	0.091	0.087	0.086	600 Read#14
H	0.087	0.085	0.159	0.164	0.163	0.162	0.103	0.100	0.100	0.101	0.085	0.086	600 Read#14

600
Kinetic read 15 (7:00:00)
	1	2	3	4	5	6	7	8	9	10	11	12
A	0.086	0.085	0.083	0.086	0.086	0.087	0.087	0.087	0.086	0.085	0.085	0.084	600 Read#15
B	0.086	0.189	0.165	0.137	0.085	0.087	0.087	0.087	0.086	0.085	0.086	0.086	600 Read#15
C	0.086	0.223	0.158	0.139	0.118	0.127	0.136	0.138	0.109	0.133	0.086	0.086	600 Read#15
D	0.120	0.193	0.135	0.127	0.106	0.124	0.183	0.205	0.118	0.160	0.086	0.085	600 Read#15
E	0.085	0.125	0.097	0.125	0.109	0.129	0.163	0.168	0.117	0.174	0.087	0.087	600 Read#15
F	0.084	0.086	0.096	0.124	0.125	0.125	0.121	0.173	0.128	0.168	0.087	0.086	600 Read#15
G	0.084	0.086	0.086	0.091	0.088	0.088	0.093	0.090	0.090	0.091	0.087	0.086	600 Read#15
H	0.087	0.085	0.160	0.165	0.165	0.163	0.106	0.100	0.101	0.106	0.085	0.086	600 Read#15

600
Kinetic read 16 (7:30:00)
	1	2	3	4	5	6	7	8	9	10	11	12
A	0.086	0.085	0.083	0.086	0.086	0.087	0.087	0.087	0.086	0.085	0.085	0.084	600 Read#16
B	0.086	0.189	0.166	0.136	0.085	0.087	0.087	0.087	0.086	0.085	0.085	0.086	600 Read#16
C	0.086	0.222	0.159	0.136	0.121	0.128	0.138	0.140	0.110	0.130	0.086	0.086	600 Read#16
D	0.095	0.197	0.134	0.126	0.106	0.125	0.169	0.208	0.118	0.156	0.086	0.085	600 Read#16
E	0.085	0.121	0.097	0.124	0.111	0.127	0.160	0.169	0.118	0.188	0.087	0.087	600 Read#16
F	0.085	0.086	0.096	0.124	0.127	0.125	0.122	0.184	0.133	0.148	0.087	0.086	600 Read#16
G	0.084	0.086	0.087	0.091	0.089	0.090	0.095	0.090	0.091	0.091	0.087	0.086	600 Read#16
H	0.087	0.085	0.161	0.167	0.166	0.163	0.111	0.104	0.104	0.112	0.085	0.086	600 Read#16

600
Kinetic read 17 (8:00:00)
	1	2	3	4	5	6	7	8	9	10	11	12
A	0.086	0.085	0.083	0.086	0.086	0.087	0.087	0.087	0.086	0.085	0.085	0.085	600 Read#17
B	0.086	0.189	0.166	0.127	0.085	0.087	0.087	0.087	0.086	0.085	0.086	0.086	600 Read#17
C	0.086	0.225	0.157	0.132	0.119	0.129	0.126	0.142	0.109	0.129	0.086	0.086	600 Read#17
D	0.087	0.199	0.130	0.126	0.106	0.124	0.165	0.201	0.119	0.149	0.086	0.085	600 Read#17
E	0.085	0.112	0.097	0.124	0.111	0.127	0.173	0.169	0.117	0.164	0.087	0.087	600 Read#17
F	0.085	0.086	0.096	0.123	0.128	0.125	0.146	0.190	0.128	0.147	0.087	0.086	600 Read#17
G	0.084	0.086	0.086	0.091	0.089	0.090	0.096	0.090	0.091	0.091	0.087	0.086	600 Read#17
H	0.087	0.085	0.163	0.168	0.168	0.165	0.115	0.106	0.106	0.114	0.084	0.086	600 Read#17

600
Kinetic read 18 (8:30:00)
	1	2	3	4	5	6	7	8	9	10	11	12
A	0.086	0.085	0.083	0.086	0.086	0.087	0.087	0.087	0.086	0.085	0.085	0.089	600 Read#18
B	0.086	0.189	0.167	0.109	0.085	0.087	0.087	0.087	0.086	0.085	0.086	0.086	600 Read#18
C	0.086	0.225	0.152	0.127	0.120	0.128	0.127	0.142	0.109	0.131	0.086	0.086	600 Read#18
D	0.089	0.202	0.124	0.125	0.106	0.124	0.198	0.209	0.123	0.145	0.086	0.086	600 Read#18
E	0.085	0.101	0.097	0.124	0.110	0.128	0.163	0.166	0.117	0.177	0.087	0.087	600 Read#18
F	0.084	0.086	0.096	0.124	0.129	0.125	0.123	0.190	0.126	0.155	0.087	0.087	600 Read#18
G	0.084	0.086	0.086	0.091	0.089	0.090	0.099	0.090	0.091	0.091	0.087	0.086	600 Read#18
H	0.087	0.085	0.164	0.170	0.169	0.165	0.121	0.110	0.109	0.118	0.085	0.086	600 Read#18

600
Kinetic read 19 (9:00:00)
	1	2	3	4	5	6	7	8	9	10	11	12
A	0.086	0.085	0.083	0.087	0.086	0.087	0.087	0.087	0.086	0.085	0.085	0.095	600 Read#19
B	0.086	0.189	0.166	0.091	0.085	0.087	0.087	0.087	0.086	0.085	0.086	0.086	600 Read#19
C	0.086	0.226	0.146	0.124	0.121	0.128	0.128	0.142	0.109	0.132	0.086	0.086	600 Read#19
D	0.088	0.200	0.116	0.125	0.107	0.124	0.175	0.185	0.120	0.150	0.086	0.086	600 Read#19
E	0.085	0.094	0.097	0.123	0.111	0.128	0.169	0.166	0.118	0.171	0.087	0.087	600 Read#19
F	0.085	0.086	0.096	0.124	0.129	0.125	0.123	0.180	0.125	0.153	0.087	0.087	600 Read#19
G	0.084	0.086	0.086	0.091	0.090	0.091	0.104	0.090	0.092	0.092	0.087	0.086	600 Read#19
H	0.087	0.086	0.165	0.171	0.171	0.167	0.132	0.116	0.112	0.122	0.085	0.086	600 Read#19

600
Kinetic read 20 (9:30:00)
	1	2	3	4	5	6	7	8	9	10	11	12
A	0.086	0.085	0.083	0.086	0.085	0.087	0.087	0.087	0.086	0.085	0.085	0.095	600 Read#20
B	0.086	0.186	0.165	0.088	0.085	0.086	0.087	0.087	0.086	0.085	0.085	0.086	600 Read#20
C	0.086	0.226	0.140	0.122	0.119	0.129	0.127	0.143	0.110	0.130	0.086	0.086	600 Read#20
D	0.099	0.201	0.110	0.124	0.105	0.124	0.178	0.196	0.121	0.149	0.086	0.085	600 Read#20
E	0.085	0.092	0.097	0.123	0.109	0.127	0.167	0.159	0.118	0.173	0.087	0.087	600 Read#20
F	0.084	0.086	0.096	0.124	0.127	0.125	0.121	0.191	0.129	0.165	0.087	0.087	600 Read#20
G	0.084	0.086	0.086	0.091	0.090	0.091	0.108	0.091	0.091	0.091	0.087	0.086	600 Read#20
H	0.087	0.085	0.166	0.172	0.172	0.167	0.144	0.123	0.116	0.124	0.084	0.086	600 Read#20

600
Kinetic read 21 (10:00:00)
	1	2	3	4	5	6	7	8	9	10	11	12
A	0.086	0.085	0.083	0.086	0.086	0.087	0.087	0.087	0.086	0.085	0.085	0.099	600 Read#21
B	0.086	0.181	0.156	0.088	0.085	0.086	0.087	0.087	0.086	0.085	0.086	0.086	600 Read#21
C	0.086	0.226	0.130	0.122	0.118	0.128	0.128	0.142	0.109	0.131	0.086	0.086	600 Read#21
D	0.099	0.200	0.105	0.124	0.105	0.123	0.165	0.189	0.121	0.151	0.086	0.085	600 Read#21
E	0.085	0.090	0.097	0.123	0.108	0.127	0.165	0.161	0.119	0.173	0.087	0.087	600 Read#21
F	0.084	0.086	0.096	0.123	0.128	0.125	0.120	0.199	0.126	0.151	0.087	0.086	600 Read#21
G	0.085	0.086	0.086	0.091	0.090	0.091	0.116	0.091	0.092	0.092	0.087	0.086	600 Read#21
H	0.087	0.085	0.167	0.173	0.173	0.168	0.154	0.130	0.123	0.132	0.085	0.086	600 Read#21

600
Kinetic read 22 (10:30:00)
	1	2	3	4	5	6	7	8	9	10	11	12
A	0.086	0.085	0.083	0.086	0.086	0.087	0.087	0.087	0.086	0.085	0.085	0.095	600 Read#22
B	0.086	0.167	0.139	0.088	0.085	0.087	0.087	0.087	0.086	0.085	0.086	0.086	600 Read#22
C	0.086	0.227	0.120	0.122	0.119	0.129	0.128	0.141	0.110	0.134	0.086	0.086	600 Read#22
D	0.107	0.201	0.100	0.124	0.106	0.123	0.174	0.193	0.122	0.158	0.086	0.085	600 Read#22
E	0.085	0.087	0.097	0.122	0.109	0.127	0.167	0.162	0.119	0.184	0.087	0.087	600 Read#22
F	0.084	0.086	0.096	0.123	0.127	0.125	0.129	0.193	0.128	0.143	0.087	0.087	600 Read#22
G	0.084	0.086	0.085	0.091	0.090	0.091	0.119	0.091	0.091	0.092	0.087	0.086	600 Read#22
H	0.087	0.085	0.167	0.174	0.174	0.169	0.158	0.132	0.125	0.134	0.085	0.086	600 Read#22

600
Kinetic read 23 (11:00:00)
	1	2	3	4	5	6	7	8	9	10	11	12
A	0.086	0.085	0.083	0.086	0.086	0.087	0.087	0.087	0.086	0.085	0.085	0.096	600 Read#23
B	0.087	0.145	0.123	0.088	0.085	0.087	0.087	0.087	0.086	0.085	0.086	0.086	600 Read#23
C	0.086	0.227	0.110	0.122	0.119	0.128	0.128	0.143	0.110	0.136	0.086	0.086	600 Read#23
D	0.110	0.200	0.098	0.125	0.106	0.123	0.175	0.186	0.124	0.153	0.086	0.086	600 Read#23
E	0.085	0.087	0.097	0.122	0.107	0.128	0.163	0.164	0.120	0.170	0.087	0.087	600 Read#23
F	0.084	0.086	0.096	0.123	0.128	0.126	0.120	0.184	0.128	0.149	0.087	0.087	600 Read#23
G	0.084	0.086	0.085	0.091	0.090	0.091	0.123	0.091	0.092	0.092	0.087	0.086	600 Read#23
H	0.087	0.085	0.168	0.175	0.175	0.170	0.159	0.134	0.126	0.137	0.084	0.086	600 Read#23

600
Kinetic read 24 (11:30:00)
	1	2	3	4	5	6	7	8	9	10	11	12
A	0.086	0.085	0.083	0.086	0.086	0.087	0.087	0.087	0.086	0.085	0.085	0.089	600 Read#24
B	0.086	0.119	0.105	0.088	0.085	0.087	0.087	0.087	0.086	0.085	0.086	0.086	600 Read#24
C	0.086	0.226	0.099	0.122	0.119	0.135	0.131	0.150	0.110	0.131	0.086	0.086	600 Read#24
D	0.116	0.196	0.098	0.124	0.107	0.123	0.167	0.188	0.124	0.153	0.086	0.085	600 Read#24
E	0.085	0.087	0.097	0.122	0.109	0.128	0.170	0.174	0.118	0.162	0.087	0.087	600 Read#24
F	0.084	0.086	0.096	0.122	0.128	0.125	0.123	0.184	0.128	0.151	0.087	0.087	600 Read#24
G	0.084	0.086	0.085	0.090	0.090	0.091	0.126	0.091	0.091	0.092	0.087	0.086	600 Read#24
H	0.087	0.085	0.168	0.176	0.176	0.170	0.161	0.133	0.125	0.135	0.085	0.086	600 Read#24

600
Kinetic read 25 (12:00:00)
	1	2	3	4	5	6	7	8	9	10	11	12
A	0.086	0.085	0.084	0.086	0.086	0.087	0.087	0.087	0.086	0.085	0.085	0.094	600 Read#25
B	0.087	0.092	0.091	0.088	0.085	0.087	0.087	0.087	0.086	0.085	0.086	0.086	600 Read#25
C	0.086	0.224	0.097	0.121	0.117	0.129	0.132	0.145	0.110	0.131	0.086	0.087	600 Read#25
D	0.115	0.186	0.098	0.123	0.106	0.124	0.166	0.185	0.125	0.147	0.086	0.086	600 Read#25
E	0.085	0.087	0.097	0.121	0.111	0.133	0.167	0.175	0.119	0.162	0.087	0.087	600 Read#25
F	0.084	0.086	0.096	0.121	0.125	0.125	0.124	0.184	0.126	0.162	0.087	0.087	600 Read#25
G	0.084	0.086	0.085	0.090	0.089	0.091	0.130	0.090	0.092	0.092	0.087	0.086	600 Read#25
H	0.087	0.085	0.169	0.177	0.177	0.171	0.165	0.135	0.125	0.136	0.085	0.086	600 Read#25

600
Kinetic read 26 (12:30:00)
	1	2	3	4	5	6	7	8	9	10	11	12
A	0.086	0.085	0.083	0.086	0.086	0.087	0.087	0.087	0.086	0.085	0.085	0.093	600 Read#26
B	0.086	0.087	0.085	0.088	0.085	0.087	0.087	0.087	0.086	0.085	0.086	0.086	600 Read#26
C	0.086	0.216	0.097	0.121	0.117	0.131	0.136	0.149	0.110	0.129	0.086	0.086	600 Read#26
D	0.111	0.166	0.098	0.123	0.106	0.122	0.165	0.183	0.125	0.158	0.086	0.085	600 Read#26
E	0.085	0.087	0.097	0.121	0.109	0.122	0.163	0.167	0.119	0.167	0.087	0.087	600 Read#26
F	0.084	0.086	0.096	0.122	0.126	0.124	0.123	0.178	0.128	0.154	0.087	0.087	600 Read#26
G	0.084	0.086	0.085	0.090	0.089	0.091	0.135	0.091	0.092	0.092	0.087	0.086	600 Read#26
H	0.086	0.085	0.170	0.178	0.178	0.172	0.173	0.140	0.127	0.138	0.085	0.086	600 Read#26

600
Kinetic read 27 (13:00:00)
	1	2	3	4	5	6	7	8	9	10	11	12
A	0.086	0.085	0.083	0.086	0.086	0.087	0.087	0.087	0.086	0.085	0.085	0.095	600 Read#27
B	0.086	0.086	0.085	0.088	0.085	0.087	0.087	0.087	0.086	0.085	0.086	0.086	600 Read#27
C	0.086	0.195	0.097	0.121	0.116	0.132	0.135	0.147	0.110	0.129	0.086	0.086	600 Read#27
D	0.126	0.144	0.098	0.123	0.105	0.121	0.160	0.186	0.127	0.161	0.086	0.085	600 Read#27
E	0.085	0.087	0.097	0.121	0.110	0.121	0.169	0.169	0.118	0.186	0.087	0.087	600 Read#27
F	0.084	0.086	0.096	0.121	0.126	0.124	0.125	0.186	0.131	0.141	0.087	0.087	600 Read#27
G	0.084	0.086	0.085	0.089	0.089	0.091	0.139	0.091	0.092	0.092	0.087	0.086	600 Read#27
H	0.086	0.085	0.170	0.178	0.178	0.172	0.174	0.141	0.127	0.138	0.085	0.086	600 Read#27

600
Kinetic read 28 (13:30:00)
	1	2	3	4	5	6	7	8	9	10	11	12
A	0.086	0.085	0.083	0.086	0.086	0.087	0.087	0.087	0.086	0.085	0.085	0.095	600 Read#28
B	0.087	0.086	0.085	0.088	0.085	0.087	0.087	0.087	0.086	0.085	0.086	0.086	600 Read#28
C	0.086	0.159	0.097	0.121	0.116	0.127	0.141	0.144	0.110	0.131	0.086	0.086	600 Read#28
D	0.136	0.116	0.097	0.123	0.107	0.122	0.159	0.187	0.130	0.174	0.086	0.086	600 Read#28
E	0.085	0.087	0.097	0.120	0.107	0.124	0.166	0.165	0.119	0.213	0.087	0.087	600 Read#28
F	0.084	0.086	0.096	0.121	0.125	0.124	0.122	0.176	0.127	0.143	0.087	0.087	600 Read#28
G	0.084	0.086	0.085	0.089	0.089	0.091	0.144	0.090	0.091	0.092	0.087	0.086	600 Read#28
H	0.087	0.085	0.170	0.179	0.179	0.173	0.180	0.142	0.127	0.136	0.085	0.086	600 Read#28

600
Kinetic read 29 (14:00:00)
	1	2	3	4	5	6	7	8	9	10	11	12
A	0.086	0.085	0.083	0.086	0.086	0.087	0.087	0.087	0.086	0.085	0.085	0.100	600 Read#29
B	0.087	0.086	0.085	0.088	0.085	0.087	0.087	0.087	0.086	0.085	0.086	0.086	600 Read#29
C	0.086	0.124	0.097	0.121	0.116	0.126	0.137	0.144	0.110	0.134	0.086	0.086	600 Read#29
D	0.144	0.098	0.097	0.123	0.105	0.121	0.159	0.184	0.127	0.160	0.086	0.085	600 Read#29
E	0.085	0.087	0.097	0.120	0.109	0.132	0.163	0.165	0.119	0.182	0.087	0.087	600 Read#29
F	0.084	0.086	0.096	0.121	0.125	0.123	0.124	0.177	0.128	0.154	0.087	0.087	600 Read#29
G	0.084	0.086	0.085	0.089	0.089	0.091	0.148	0.091	0.091	0.091	0.087	0.086	600 Read#29
H	0.086	0.085	0.170	0.179	0.180	0.173	0.182	0.143	0.125	0.134	0.084	0.086	600 Read#29

600
Kinetic read 30 (14:30:00)
	1	2	3	4	5	6	7	8	9	10	11	12
A	0.086	0.085	0.083	0.086	0.086	0.087	0.087	0.087	0.086	0.085	0.085	0.100	600 Read#30
B	0.086	0.086	0.085	0.088	0.085	0.087	0.087	0.087	0.086	0.085	0.086	0.086	600 Read#30
C	0.086	0.098	0.097	0.120	0.115	0.130	0.139	0.146	0.110	0.129	0.086	0.086	600 Read#30
D	0.153	0.088	0.097	0.122	0.105	0.121	0.163	0.181	0.129	0.156	0.086	0.085	600 Read#30
E	0.084	0.087	0.097	0.120	0.104	0.128	0.169	0.160	0.118	0.199	0.087	0.087	600 Read#30
F	0.084	0.086	0.096	0.120	0.123	0.123	0.123	0.175	0.127	0.148	0.087	0.087	600 Read#30
G	0.084	0.086	0.085	0.088	0.088	0.091	0.150	0.090	0.091	0.091	0.087	0.086	600 Read#30
H	0.087	0.085	0.170	0.180	0.181	0.173	0.183	0.143	0.124	0.132	0.084	0.086	600 Read#30

600
Kinetic read 31 (15:00:00)
	1	2	3	4	5	6	7	8	9	10	11	12
A	0.086	0.085	0.083	0.086	0.086	0.087	0.087	0.087	0.086	0.085	0.085	0.100	600 Read#31
B	0.086	0.086	0.085	0.088	0.085	0.087	0.087	0.087	0.086	0.085	0.086	0.086	600 Read#31
C	0.087	0.087	0.097	0.120	0.115	0.126	0.143	0.144	0.110	0.129	0.086	0.086	600 Read#31
D	0.169	0.087	0.097	0.122	0.105	0.121	0.161	0.180	0.132	0.155	0.086	0.085	600 Read#31
E	0.084	0.087	0.096	0.120	0.110	0.129	0.168	0.160	0.120	0.192	0.087	0.087	600 Read#31
F	0.084	0.086	0.096	0.119	0.123	0.123	0.124	0.172	0.128	0.149	0.087	0.087	600 Read#31
G	0.084	0.086	0.085	0.088	0.088	0.091	0.155	0.091	0.092	0.091	0.087	0.086	600 Read#31
H	0.086	0.085	0.170	0.180	0.181	0.174	0.188	0.148	0.126	0.136	0.085	0.086	600 Read#31

600
Kinetic read 32 (15:30:00)
	1	2	3	4	5	6	7	8	9	10	11	12
A	0.098	0.085	0.083	0.086	0.086	0.087	0.087	0.087	0.086	0.085	0.085	0.101	600 Read#32
B	0.086	0.086	0.085	0.088	0.085	0.087	0.087	0.087	0.086	0.085	0.086	0.086	600 Read#32
C	0.086	0.088	0.097	0.120	0.116	0.127	0.142	0.143	0.110	0.129	0.086	0.086	600 Read#32
D	0.175	0.087	0.098	0.122	0.105	0.121	0.168	0.188	0.132	0.149	0.086	0.086	600 Read#32
E	0.084	0.087	0.097	0.120	0.109	0.124	0.174	0.163	0.120	0.158	0.087	0.087	600 Read#32
F	0.084	0.086	0.096	0.120	0.122	0.123	0.125	0.165	0.128	0.161	0.087	0.087	600 Read#32
G	0.084	0.086	0.085	0.088	0.088	0.091	0.155	0.091	0.091	0.091	0.087	0.086	600 Read#32
H	0.086	0.085	0.170	0.181	0.181	0.174	0.182	0.144	0.124	0.133	0.085	0.086	600 Read#32

600
Kinetic read 33 (16:00:00)
	1	2	3	4	5	6	7	8	9	10	11	12
A	0.100	0.085	0.084	0.086	0.086	0.087	0.087	0.087	0.086	0.085	0.085	0.098	600 Read#33
B	0.086	0.086	0.085	0.088	0.085	0.087	0.087	0.087	0.086	0.085	0.086	0.086	600 Read#33
C	0.087	0.087	0.097	0.120	0.114	0.126	0.141	0.141	0.110	0.126	0.086	0.086	600 Read#33
D	0.173	0.088	0.097	0.122	0.106	0.140	0.158	0.185	0.134	0.155	0.086	0.086	600 Read#33
E	0.084	0.087	0.097	0.120	0.109	0.127	0.169	0.164	0.120	0.157	0.087	0.087	600 Read#33
F	0.084	0.086	0.096	0.119	0.122	0.122	0.124	0.170	0.130	0.154	0.087	0.087	600 Read#33
G	0.084	0.086	0.085	0.088	0.087	0.091	0.163	0.092	0.092	0.092	0.087	0.086	600 Read#33
H	0.087	0.085	0.170	0.181	0.182	0.174	0.194	0.151	0.127	0.137	0.085	0.086	600 Read#33

600
Kinetic read 34 (16:30:00)
	1	2	3	4	5	6	7	8	9	10	11	12
A	0.097	0.085	0.083	0.086	0.086	0.087	0.087	0.087	0.086	0.085	0.085	0.098	600 Read#34
B	0.086	0.086	0.086	0.088	0.085	0.087	0.087	0.087	0.086	0.085	0.086	0.086	600 Read#34
C	0.087	0.087	0.097	0.120	0.114	0.128	0.144	0.143	0.109	0.126	0.086	0.086	600 Read#34
D	0.189	0.088	0.097	0.121	0.104	0.124	0.165	0.182	0.136	0.149	0.086	0.085	600 Read#34
E	0.085	0.087	0.097	0.119	0.100	0.122	0.176	0.157	0.120	0.184	0.087	0.087	600 Read#34
F	0.084	0.086	0.096	0.119	0.122	0.122	0.126	0.169	0.130	0.152	0.087	0.087	600 Read#34
G	0.084	0.086	0.085	0.088	0.087	0.090	0.160	0.092	0.091	0.092	0.087	0.086	600 Read#34
H	0.086	0.085	0.170	0.181	0.183	0.174	0.184	0.146	0.124	0.132	0.085	0.086	600 Read#34

600
Kinetic read 35 (17:00:00)
	1	2	3	4	5	6	7	8	9	10	11	12
A	0.099	0.085	0.084	0.086	0.086	0.087	0.087	0.087	0.086	0.085	0.085	0.101	600 Read#35
B	0.086	0.086	0.085	0.089	0.085	0.087	0.087	0.087	0.086	0.085	0.086	0.086	600 Read#35
C	0.087	0.087	0.097	0.120	0.114	0.127	0.141	0.142	0.110	0.127	0.086	0.087	600 Read#35
D	0.180	0.094	0.098	0.121	0.104	0.125	0.163	0.183	0.137	0.151	0.086	0.086	600 Read#35
E	0.085	0.087	0.097	0.120	0.107	0.121	0.170	0.166	0.119	0.166	0.087	0.087	600 Read#35
F	0.084	0.086	0.096	0.118	0.123	0.122	0.127	0.174	0.127	0.150	0.087	0.087	600 Read#35
G	0.084	0.086	0.085	0.088	0.087	0.090	0.158	0.092	0.092	0.092	0.087	0.086	600 Read#35
H	0.087	0.085	0.169	0.182	0.183	0.175	0.178	0.142	0.122	0.131	0.085	0.086	600 Read#35

600
Kinetic read 36 (17:30:00)
	1	2	3	4	5	6	7	8	9	10	11	12
A	0.102	0.085	0.083	0.086	0.086	0.087	0.087	0.087	0.086	0.085	0.085	0.098	600 Read#36
B	0.086	0.086	0.085	0.088	0.085	0.086	0.087	0.087	0.086	0.085	0.086	0.086	600 Read#36
C	0.087	0.087	0.097	0.119	0.113	0.124	0.143	0.142	0.110	0.127	0.086	0.086	600 Read#36
D	0.181	0.104	0.097	0.122	0.104	0.121	0.157	0.184	0.138	0.153	0.086	0.085	600 Read#36
E	0.085	0.087	0.097	0.119	0.102	0.122	0.175	0.168	0.119	0.161	0.087	0.087	600 Read#36
F	0.084	0.086	0.096	0.118	0.123	0.122	0.128	0.169	0.129	0.156	0.087	0.087	600 Read#36
G	0.084	0.086	0.085	0.087	0.086	0.089	0.154	0.091	0.091	0.091	0.087	0.086	600 Read#36
H	0.087	0.088	0.169	0.181	0.183	0.175	0.171	0.139	0.120	0.129	0.084	0.086	600 Read#36

600
Kinetic read 37 (0:00:00)
	1	2	3	4	5	6	7	8	9	10	11	12
A													600 Read#37
B													600 Read#37
C													600 Read#37
D													600 Read#37
E													600 Read#37
F													600 Read#37
G													600 Read#37
H													600 Read#37

600
Kinetic read 38 (0:00:00)
	1	2	3	4	5	6	7	8	9	10	11	12
A													600 Read#38
B													600 Read#38
C													600 Read#38
D													600 Read#38
E													600 Read#38
F													600 Read#38
G													600 Read#38
H													600 Read#38

600
Kinetic read 39 (0:00:00)
	1	2	3	4	5	6	7	8	9	10	11	12
A													600 Read#39
B													600 Read#39
C													600 Read#39
D													600 Read#39
E													600 Read#39
F													600 Read#39
G													600 Read#39
H													600 Read#39

600
Kinetic read 40 (0:00:00)
	1	2	3	4	5	6	7	8	9	10	11	12
A													600 Read#40
B													600 Read#40
C													600 Read#40
D													600 Read#40
E													600 Read#40
F													600 Read#40
G													600 Read#40
H													600 Read#40

600
Kinetic read 41 (0:00:00)
	1	2	3	4	5	6	7	8	9	10	11	12
A													600 Read#41
B													600 Read#41
C													600 Read#41
D													600 Read#41
E													600 Read#41
F													600 Read#41
G													600 Read#41
H													600 Read#41

600
Kinetic read 42 (0:00:00)
	1	2	3	4	5	6	7	8	9	10	11	12
A													600 Read#42
B													600 Read#42
C													600 Read#42
D													600 Read#42
E													600 Read#42
F													600 Read#42
G													600 Read#42
H													600 Read#42

600
Kinetic read 43 (0:00:00)
	1	2	3	4	5	6	7	8	9	10	11	12
A													600 Read#43
B													600 Read#43
C													600 Read#43
D													600 Read#43
E													600 Read#43
F													600 Read#43
G													600 Read#43
H													600 Read#43

600
Kinetic read 44 (0:00:00)
	1	2	3	4	5	6	7	8	9	10	11	12
A													600 Read#44
B													600 Read#44
C													600 Read#44
D													600 Read#44
E													600 Read#44
F													600 Read#44
G													600 Read#44
H													600 Read#44

600
Kinetic read 45 (0:00:00)
	1	2	3	4	5	6	7	8	9	10	11	12
A													600 Read#45
B													600 Read#45
C													600 Read#45
D													600 Read#45
E													600 Read#45
F													600 Read#45
G													600 Read#45
H													600 Read#45

600
Kinetic read 46 (0:00:00)
	1	2	3	4	5	6	7	8	9	10	11	12
A													600 Read#46
B													600 Read#46
C													600 Read#46
D													600 Read#46
E													600 Read#46
F													600 Read#46
G													600 Read#46
H													600 Read#46

600
Kinetic read 47 (0:00:00)
	1	2	3	4	5	6	7	8	9	10	11	12
A													600 Read#47
B													600 Read#47
C													600 Read#47
D													600 Read#47
E													600 Read#47
F													600 Read#47
G													600 Read#47
H													600 Read#47

600
Kinetic read 48 (0:00:00)
	1	2	3	4	5	6	7	8	9	10	11	12
A													600 Read#48
B													600 Read#48
C													600 Read#48
D													600 Read#48
E													600 Read#48
F													600 Read#48
G													600 Read#48
H													600 Read#48

600
Kinetic read 49 (0:00:00)
	1	2	3	4	5	6	7	8	9	10	11	12
A													600 Read#49
B													600 Read#49
C													600 Read#49
D													600 Read#49
E													600 Read#49
F													600 Read#49
G													600 Read#49
H													600 Read#49

600

Kinetic read	A1	B1	C1	D1	E1	F1	G1	H1	A2	B2	C2	D2	E2	F2	G2	H2	A3	B3	C3	D3	E3	F3	G3	H3	A4	B4	C4	D4	E4	F4	G4	H4	A5	B5	C5	D5	E5	F5	G5	H5	A6	B6	C6	D6	E6	F6	G6	H6	A7	B7	C7	D7	E7	F7	G7	H7	A8	B8	C8	D8	E8	F8	G8	H8	A9	B9	C9	D9	E9	F9	G9	H9	A10	B10	C10	D10	E10	F10	G10	H10
0:00:00	0.086	0.086	0.086	0.087	0.086	0.084	0.084	0.087	0.085	0.087	0.087	0.087	0.087	0.087	0.086	0.086	0.083	0.085	0.097	0.097	0.097	0.096	0.085	0.123	0.086	0.088	0.122	0.123	0.122	0.122	0.087	0.125	0.086	0.085	0.110	0.127	0.125	0.110	0.085	0.126	0.087	0.087	0.138	0.123	0.133	0.122	0.087	0.130	0.087	0.087	0.146	0.165	0.233	0.124	0.092	0.103	0.087	0.087	0.152	0.208	0.260	0.172	0.089	0.102	0.086	0.086	0.117	0.149	0.121	0.222	0.090	0.104	0.085	0.085	0.198	0.145	0.203	0.171	0.091	0.100
0:30:00	0.086	0.086	0.086	0.086	0.086	0.084	0.084	0.087	0.085	0.086	0.087	0.087	0.087	0.086	0.086	0.085	0.083	0.085	0.096	0.097	0.096	0.096	0.085	0.126	0.086	0.088	0.122	0.122	0.122	0.121	0.087	0.129	0.085	0.085	0.111	0.118	0.125	0.110	0.085	0.130	0.087	0.086	0.130	0.122	0.131	0.122	0.087	0.134	0.087	0.087	0.141	0.187	0.265	0.124	0.091	0.101	0.087	0.087	0.157	0.230	0.198	0.186	0.089	0.101	0.086	0.086	0.108	0.156	0.116	0.150	0.090	0.102	0.085	0.085	0.129	0.140	0.193	0.176	0.090	0.097
1:00:00	0.086	0.086	0.086	0.087	0.086	0.084	0.084	0.087	0.085	0.095	0.098	0.095	0.088	0.086	0.086	0.085	0.083	0.085	0.096	0.097	0.097	0.096	0.086	0.131	0.086	0.088	0.122	0.122	0.122	0.122	0.089	0.134	0.086	0.085	0.116	0.118	0.122	0.120	0.087	0.135	0.087	0.086	0.131	0.122	0.129	0.122	0.087	0.139	0.087	0.087	0.136	0.188	0.196	0.117	0.091	0.101	0.086	0.087	0.136	0.221	0.187	0.182	0.089	0.100	0.086	0.086	0.108	0.151	0.115	0.142	0.090	0.101	0.085	0.085	0.129	0.144	0.184	0.155	0.090	0.097
1:30:00	0.086	0.086	0.093	0.104	0.085	0.084	0.084	0.086	0.084	0.109	0.114	0.110	0.094	0.087	0.086	0.085	0.083	0.092	0.100	0.100	0.097	0.096	0.086	0.135	0.086	0.088	0.122	0.123	0.123	0.122	0.090	0.139	0.085	0.084	0.115	0.115	0.126	0.125	0.087	0.140	0.086	0.086	0.129	0.123	0.130	0.123	0.087	0.143	0.087	0.087	0.143	0.208	0.212	0.115	0.092	0.101	0.086	0.087	0.138	0.269	0.188	0.183	0.089	0.099	0.085	0.086	0.108	0.125	0.115	0.138	0.090	0.101	0.085	0.085	0.136	0.141	0.177	0.152	0.090	0.096
2:00:00	0.086	0.086	0.095	0.120	0.085	0.084	0.084	0.087	0.085	0.122	0.127	0.124	0.102	0.088	0.087	0.085	0.083	0.102	0.105	0.105	0.098	0.097	0.087	0.139	0.086	0.089	0.123	0.125	0.124	0.123	0.090	0.144	0.085	0.085	0.116	0.112	0.127	0.122	0.087	0.144	0.087	0.086	0.127	0.123	0.130	0.123	0.087	0.147	0.087	0.087	0.131	0.205	0.207	0.118	0.092	0.101	0.087	0.087	0.136	0.230	0.187	0.189	0.089	0.099	0.086	0.086	0.109	0.118	0.115	0.133	0.090	0.100	0.085	0.085	0.133	0.144	0.182	0.146	0.090	0.097
2:30:00	0.086	0.086	0.111	0.146	0.097	0.084	0.084	0.087	0.085	0.132	0.140	0.137	0.112	0.088	0.087	0.085	0.083	0.111	0.113	0.112	0.098	0.097	0.087	0.143	0.086	0.097	0.126	0.126	0.124	0.123	0.090	0.147	0.086	0.085	0.118	0.109	0.126	0.125	0.087	0.147	0.086	0.087	0.127	0.124	0.131	0.123	0.087	0.150	0.087	0.087	0.148	0.217	0.208	0.121	0.092	0.101	0.086	0.087	0.138	0.241	0.179	0.189	0.089	0.100	0.086	0.086	0.108	0.117	0.116	0.134	0.090	0.100	0.085	0.085	0.134	0.142	0.173	0.151	0.090	0.097
3:00:00	0.086	0.086	0.123	0.165	0.102	0.084	0.084	0.087	0.085	0.142	0.153	0.146	0.120	0.088	0.087	0.085	0.083	0.121	0.122	0.117	0.098	0.097	0.087	0.146	0.086	0.106	0.130	0.128	0.124	0.123	0.090	0.150	0.086	0.085	0.119	0.106	0.126	0.124	0.087	0.150	0.087	0.087	0.128	0.124	0.132	0.124	0.087	0.152	0.087	0.087	0.133	0.216	0.201	0.124	0.092	0.101	0.087	0.087	0.139	0.267	0.184	0.209	0.089	0.099	0.086	0.086	0.108	0.117	0.116	0.131	0.090	0.100	0.085	0.085	0.138	0.147	0.171	0.145	0.091	0.097
3:30:00	0.086	0.086	0.121	0.178	0.088	0.084	0.084	0.087	0.085	0.153	0.165	0.156	0.127	0.087	0.087	0.085	0.083	0.130	0.129	0.122	0.098	0.097	0.087	0.148	0.086	0.112	0.134	0.130	0.125	0.123	0.090	0.153	0.086	0.085	0.120	0.111	0.128	0.124	0.087	0.153	0.087	0.087	0.127	0.124	0.130	0.124	0.087	0.155	0.087	0.087	0.132	0.178	0.200	0.128	0.092	0.101	0.087	0.087	0.137	0.248	0.177	0.200	0.089	0.100	0.086	0.086	0.108	0.115	0.115	0.136	0.090	0.100	0.085	0.085	0.134	0.142	0.179	0.169	0.091	0.096
4:00:00	0.086	0.086	0.117	0.190	0.086	0.084	0.084	0.086	0.085	0.162	0.176	0.164	0.132	0.087	0.087	0.085	0.083	0.137	0.136	0.126	0.098	0.096	0.086	0.150	0.086	0.117	0.136	0.129	0.125	0.124	0.090	0.155	0.086	0.085	0.119	0.109	0.129	0.123	0.087	0.155	0.087	0.086	0.127	0.124	0.128	0.124	0.087	0.156	0.087	0.087	0.134	0.196	0.196	0.126	0.092	0.101	0.087	0.087	0.136	0.215	0.178	0.196	0.089	0.099	0.086	0.086	0.108	0.117	0.116	0.126	0.090	0.100	0.085	0.085	0.135	0.150	0.168	0.146	0.090	0.097
4:30:00	0.086	0.086	0.107	0.195	0.085	0.084	0.084	0.087	0.085	0.168	0.186	0.169	0.136	0.087	0.087	0.085	0.083	0.144	0.141	0.130	0.098	0.097	0.087	0.152	0.086	0.124	0.138	0.130	0.125	0.124	0.090	0.158	0.085	0.085	0.118	0.111	0.125	0.124	0.087	0.158	0.087	0.087	0.131	0.125	0.130	0.124	0.087	0.158	0.087	0.087	0.130	0.187	0.193	0.126	0.092	0.101	0.087	0.087	0.136	0.209	0.172	0.182	0.089	0.099	0.086	0.086	0.109	0.118	0.115	0.132	0.090	0.100	0.085	0.085	0.130	0.156	0.173	0.150	0.090	0.098
5:00:00	0.086	0.086	0.095	0.191	0.085	0.084	0.084	0.087	0.085	0.172	0.195	0.176	0.138	0.087	0.086	0.085	0.083	0.150	0.147	0.133	0.098	0.096	0.087	0.154	0.086	0.130	0.140	0.129	0.125	0.124	0.090	0.159	0.086	0.085	0.118	0.108	0.117	0.123	0.087	0.159	0.087	0.087	0.138	0.125	0.129	0.124	0.087	0.158	0.087	0.087	0.140	0.182	0.191	0.130	0.092	0.102	0.087	0.087	0.139	0.203	0.184	0.185	0.089	0.100	0.086	0.086	0.109	0.116	0.116	0.137	0.090	0.100	0.085	0.085	0.136	0.147	0.171	0.141	0.090	0.096
5:30:00	0.086	0.086	0.087	0.173	0.085	0.084	0.084	0.087	0.085	0.177	0.204	0.181	0.136	0.086	0.086	0.085	0.083	0.155	0.151	0.134	0.097	0.096	0.087	0.156	0.086	0.134	0.141	0.129	0.125	0.124	0.090	0.161	0.086	0.085	0.120	0.107	0.103	0.125	0.087	0.161	0.087	0.087	0.143	0.126	0.129	0.124	0.087	0.159	0.087	0.087	0.140	0.202	0.176	0.127	0.091	0.101	0.087	0.087	0.139	0.202	0.168	0.189	0.089	0.100	0.086	0.086	0.110	0.115	0.116	0.127	0.090	0.100	0.085	0.085	0.132	0.157	0.174	0.151	0.090	0.096
6:00:00	0.086	0.086	0.087	0.165	0.085	0.085	0.084	0.087	0.085	0.183	0.212	0.186	0.133	0.087	0.086	0.085	0.083	0.158	0.155	0.135	0.098	0.096	0.087	0.158	0.086	0.136	0.141	0.128	0.125	0.124	0.090	0.162	0.086	0.085	0.119	0.107	0.106	0.125	0.087	0.162	0.087	0.087	0.143	0.126	0.129	0.124	0.087	0.161	0.087	0.087	0.134	0.187	0.164	0.133	0.092	0.102	0.087	0.087	0.138	0.201	0.170	0.206	0.090	0.100	0.086	0.086	0.109	0.117	0.117	0.127	0.090	0.100	0.085	0.085	0.131	0.151	0.171	0.147	0.091	0.098
6:30:00	0.086	0.086	0.086	0.146	0.085	0.084	0.084	0.087	0.085	0.186	0.216	0.191	0.129	0.086	0.086	0.085	0.083	0.162	0.157	0.136	0.098	0.096	0.087	0.159	0.086	0.137	0.141	0.128	0.124	0.124	0.091	0.164	0.086	0.085	0.119	0.107	0.106	0.125	0.088	0.163	0.087	0.087	0.128	0.125	0.128	0.124	0.087	0.162	0.087	0.087	0.141	0.176	0.163	0.120	0.092	0.103	0.087	0.087	0.138	0.203	0.171	0.198	0.090	0.100	0.086	0.086	0.109	0.117	0.118	0.126	0.090	0.100	0.085	0.085	0.132	0.155	0.170	0.145	0.091	0.101
7:00:00	0.086	0.086	0.086	0.120	0.085	0.084	0.084	0.087	0.085	0.189	0.223	0.193	0.125	0.086	0.086	0.085	0.083	0.165	0.158	0.135	0.097	0.096	0.086	0.160	0.086	0.137	0.139	0.127	0.125	0.124	0.091	0.165	0.086	0.085	0.118	0.106	0.109	0.125	0.088	0.165	0.087	0.087	0.127	0.124	0.129	0.125	0.088	0.163	0.087	0.087	0.136	0.183	0.163	0.121	0.093	0.106	0.087	0.087	0.138	0.205	0.168	0.173	0.090	0.100	0.086	0.086	0.109	0.118	0.117	0.128	0.090	0.101	0.085	0.085	0.133	0.160	0.174	0.168	0.091	0.106
7:30:00	0.086	0.086	0.086	0.095	0.085	0.085	0.084	0.087	0.085	0.189	0.222	0.197	0.121	0.086	0.086	0.085	0.083	0.166	0.159	0.134	0.097	0.096	0.087	0.161	0.086	0.136	0.136	0.126	0.124	0.124	0.091	0.167	0.086	0.085	0.121	0.106	0.111	0.127	0.089	0.166	0.087	0.087	0.128	0.125	0.127	0.125	0.090	0.163	0.087	0.087	0.138	0.169	0.160	0.122	0.095	0.111	0.087	0.087	0.140	0.208	0.169	0.184	0.090	0.104	0.086	0.086	0.110	0.118	0.118	0.133	0.091	0.104	0.085	0.085	0.130	0.156	0.188	0.148	0.091	0.112
8:00:00	0.086	0.086	0.086	0.087	0.085	0.085	0.084	0.087	0.085	0.189	0.225	0.199	0.112	0.086	0.086	0.085	0.083	0.166	0.157	0.130	0.097	0.096	0.086	0.163	0.086	0.127	0.132	0.126	0.124	0.123	0.091	0.168	0.086	0.085	0.119	0.106	0.111	0.128	0.089	0.168	0.087	0.087	0.129	0.124	0.127	0.125	0.090	0.165	0.087	0.087	0.126	0.165	0.173	0.146	0.096	0.115	0.087	0.087	0.142	0.201	0.169	0.190	0.090	0.106	0.086	0.086	0.109	0.119	0.117	0.128	0.091	0.106	0.085	0.085	0.129	0.149	0.164	0.147	0.091	0.114
8:30:00	0.086	0.086	0.086	0.089	0.085	0.084	0.084	0.087	0.085	0.189	0.225	0.202	0.101	0.086	0.086	0.085	0.083	0.167	0.152	0.124	0.097	0.096	0.086	0.164	0.086	0.109	0.127	0.125	0.124	0.124	0.091	0.170	0.086	0.085	0.120	0.106	0.110	0.129	0.089	0.169	0.087	0.087	0.128	0.124	0.128	0.125	0.090	0.165	0.087	0.087	0.127	0.198	0.163	0.123	0.099	0.121	0.087	0.087	0.142	0.209	0.166	0.190	0.090	0.110	0.086	0.086	0.109	0.123	0.117	0.126	0.091	0.109	0.085	0.085	0.131	0.145	0.177	0.155	0.091	0.118
9:00:00	0.086	0.086	0.086	0.088	0.085	0.085	0.084	0.087	0.085	0.189	0.226	0.200	0.094	0.086	0.086	0.086	0.083	0.166	0.146	0.116	0.097	0.096	0.086	0.165	0.087	0.091	0.124	0.125	0.123	0.124	0.091	0.171	0.086	0.085	0.121	0.107	0.111	0.129	0.090	0.171	0.087	0.087	0.128	0.124	0.128	0.125	0.091	0.167	0.087	0.087	0.128	0.175	0.169	0.123	0.104	0.132	0.087	0.087	0.142	0.185	0.166	0.180	0.090	0.116	0.086	0.086	0.109	0.120	0.118	0.125	0.092	0.112	0.085	0.085	0.132	0.150	0.171	0.153	0.092	0.122
9:30:00	0.086	0.086	0.086	0.099	0.085	0.084	0.084	0.087	0.085	0.186	0.226	0.201	0.092	0.086	0.086	0.085	0.083	0.165	0.140	0.110	0.097	0.096	0.086	0.166	0.086	0.088	0.122	0.124	0.123	0.124	0.091	0.172	0.085	0.085	0.119	0.105	0.109	0.127	0.090	0.172	0.087	0.086	0.129	0.124	0.127	0.125	0.091	0.167	0.087	0.087	0.127	0.178	0.167	0.121	0.108	0.144	0.087	0.087	0.143	0.196	0.159	0.191	0.091	0.123	0.086	0.086	0.110	0.121	0.118	0.129	0.091	0.116	0.085	0.085	0.130	0.149	0.173	0.165	0.091	0.124
10:00:00	0.086	0.086	0.086	0.099	0.085	0.084	0.085	0.087	0.085	0.181	0.226	0.200	0.090	0.086	0.086	0.085	0.083	0.156	0.130	0.105	0.097	0.096	0.086	0.167	0.086	0.088	0.122	0.124	0.123	0.123	0.091	0.173	0.086	0.085	0.118	0.105	0.108	0.128	0.090	0.173	0.087	0.086	0.128	0.123	0.127	0.125	0.091	0.168	0.087	0.087	0.128	0.165	0.165	0.120	0.116	0.154	0.087	0.087	0.142	0.189	0.161	0.199	0.091	0.130	0.086	0.086	0.109	0.121	0.119	0.126	0.092	0.123	0.085	0.085	0.131	0.151	0.173	0.151	0.092	0.132
10:30:00	0.086	0.086	0.086	0.107	0.085	0.084	0.084	0.087	0.085	0.167	0.227	0.201	0.087	0.086	0.086	0.085	0.083	0.139	0.120	0.100	0.097	0.096	0.085	0.167	0.086	0.088	0.122	0.124	0.122	0.123	0.091	0.174	0.086	0.085	0.119	0.106	0.109	0.127	0.090	0.174	0.087	0.087	0.129	0.123	0.127	0.125	0.091	0.169	0.087	0.087	0.128	0.174	0.167	0.129	0.119	0.158	0.087	0.087	0.141	0.193	0.162	0.193	0.091	0.132	0.086	0.086	0.110	0.122	0.119	0.128	0.091	0.125	0.085	0.085	0.134	0.158	0.184	0.143	0.092	0.134
11:00:00	0.086	0.087	0.086	0.110	0.085	0.084	0.084	0.087	0.085	0.145	0.227	0.200	0.087	0.086	0.086	0.085	0.083	0.123	0.110	0.098	0.097	0.096	0.085	0.168	0.086	0.088	0.122	0.125	0.122	0.123	0.091	0.175	0.086	0.085	0.119	0.106	0.107	0.128	0.090	0.175	0.087	0.087	0.128	0.123	0.128	0.126	0.091	0.170	0.087	0.087	0.128	0.175	0.163	0.120	0.123	0.159	0.087	0.087	0.143	0.186	0.164	0.184	0.091	0.134	0.086	0.086	0.110	0.124	0.120	0.128	0.092	0.126	0.085	0.085	0.136	0.153	0.170	0.149	0.092	0.137
11:30:00	0.086	0.086	0.086	0.116	0.085	0.084	0.084	0.087	0.085	0.119	0.226	0.196	0.087	0.086	0.086	0.085	0.083	0.105	0.099	0.098	0.097	0.096	0.085	0.168	0.086	0.088	0.122	0.124	0.122	0.122	0.090	0.176	0.086	0.085	0.119	0.107	0.109	0.128	0.090	0.176	0.087	0.087	0.135	0.123	0.128	0.125	0.091	0.170	0.087	0.087	0.131	0.167	0.170	0.123	0.126	0.161	0.087	0.087	0.150	0.188	0.174	0.184	0.091	0.133	0.086	0.086	0.110	0.124	0.118	0.128	0.091	0.125	0.085	0.085	0.131	0.153	0.162	0.151	0.092	0.135
12:00:00	0.086	0.087	0.086	0.115	0.085	0.084	0.084	0.087	0.085	0.092	0.224	0.186	0.087	0.086	0.086	0.085	0.084	0.091	0.097	0.098	0.097	0.096	0.085	0.169	0.086	0.088	0.121	0.123	0.121	0.121	0.090	0.177	0.086	0.085	0.117	0.106	0.111	0.125	0.089	0.177	0.087	0.087	0.129	0.124	0.133	0.125	0.091	0.171	0.087	0.087	0.132	0.166	0.167	0.124	0.130	0.165	0.087	0.087	0.145	0.185	0.175	0.184	0.090	0.135	0.086	0.086	0.110	0.125	0.119	0.126	0.092	0.125	0.085	0.085	0.131	0.147	0.162	0.162	0.092	0.136
12:30:00	0.086	0.086	0.086	0.111	0.085	0.084	0.084	0.086	0.085	0.087	0.216	0.166	0.087	0.086	0.086	0.085	0.083	0.085	0.097	0.098	0.097	0.096	0.085	0.170	0.086	0.088	0.121	0.123	0.121	0.122	0.090	0.178	0.086	0.085	0.117	0.106	0.109	0.126	0.089	0.178	0.087	0.087	0.131	0.122	0.122	0.124	0.091	0.172	0.087	0.087	0.136	0.165	0.163	0.123	0.135	0.173	0.087	0.087	0.149	0.183	0.167	0.178	0.091	0.140	0.086	0.086	0.110	0.125	0.119	0.128	0.092	0.127	0.085	0.085	0.129	0.158	0.167	0.154	0.092	0.138
13:00:00	0.086	0.086	0.086	0.126	0.085	0.084	0.084	0.086	0.085	0.086	0.195	0.144	0.087	0.086	0.086	0.085	0.083	0.085	0.097	0.098	0.097	0.096	0.085	0.170	0.086	0.088	0.121	0.123	0.121	0.121	0.089	0.178	0.086	0.085	0.116	0.105	0.110	0.126	0.089	0.178	0.087	0.087	0.132	0.121	0.121	0.124	0.091	0.172	0.087	0.087	0.135	0.160	0.169	0.125	0.139	0.174	0.087	0.087	0.147	0.186	0.169	0.186	0.091	0.141	0.086	0.086	0.110	0.127	0.118	0.131	0.092	0.127	0.085	0.085	0.129	0.161	0.186	0.141	0.092	0.138
13:30:00	0.086	0.087	0.086	0.136	0.085	0.084	0.084	0.087	0.085	0.086	0.159	0.116	0.087	0.086	0.086	0.085	0.083	0.085	0.097	0.097	0.097	0.096	0.085	0.170	0.086	0.088	0.121	0.123	0.120	0.121	0.089	0.179	0.086	0.085	0.116	0.107	0.107	0.125	0.089	0.179	0.087	0.087	0.127	0.122	0.124	0.124	0.091	0.173	0.087	0.087	0.141	0.159	0.166	0.122	0.144	0.180	0.087	0.087	0.144	0.187	0.165	0.176	0.090	0.142	0.086	0.086	0.110	0.130	0.119	0.127	0.091	0.127	0.085	0.085	0.131	0.174	0.213	0.143	0.092	0.136
14:00:00	0.086	0.087	0.086	0.144	0.085	0.084	0.084	0.086	0.085	0.086	0.124	0.098	0.087	0.086	0.086	0.085	0.083	0.085	0.097	0.097	0.097	0.096	0.085	0.170	0.086	0.088	0.121	0.123	0.120	0.121	0.089	0.179	0.086	0.085	0.116	0.105	0.109	0.125	0.089	0.180	0.087	0.087	0.126	0.121	0.132	0.123	0.091	0.173	0.087	0.087	0.137	0.159	0.163	0.124	0.148	0.182	0.087	0.087	0.144	0.184	0.165	0.177	0.091	0.143	0.086	0.086	0.110	0.127	0.119	0.128	0.091	0.125	0.085	0.085	0.134	0.160	0.182	0.154	0.091	0.134
14:30:00	0.086	0.086	0.086	0.153	0.084	0.084	0.084	0.087	0.085	0.086	0.098	0.088	0.087	0.086	0.086	0.085	0.083	0.085	0.097	0.097	0.097	0.096	0.085	0.170	0.086	0.088	0.120	0.122	0.120	0.120	0.088	0.180	0.086	0.085	0.115	0.105	0.104	0.123	0.088	0.181	0.087	0.087	0.130	0.121	0.128	0.123	0.091	0.173	0.087	0.087	0.139	0.163	0.169	0.123	0.150	0.183	0.087	0.087	0.146	0.181	0.160	0.175	0.090	0.143	0.086	0.086	0.110	0.129	0.118	0.127	0.091	0.124	0.085	0.085	0.129	0.156	0.199	0.148	0.091	0.132
15:00:00	0.086	0.086	0.087	0.169	0.084	0.084	0.084	0.086	0.085	0.086	0.087	0.087	0.087	0.086	0.086	0.085	0.083	0.085	0.097	0.097	0.096	0.096	0.085	0.170	0.086	0.088	0.120	0.122	0.120	0.119	0.088	0.180	0.086	0.085	0.115	0.105	0.110	0.123	0.088	0.181	0.087	0.087	0.126	0.121	0.129	0.123	0.091	0.174	0.087	0.087	0.143	0.161	0.168	0.124	0.155	0.188	0.087	0.087	0.144	0.180	0.160	0.172	0.091	0.148	0.086	0.086	0.110	0.132	0.120	0.128	0.092	0.126	0.085	0.085	0.129	0.155	0.192	0.149	0.091	0.136
15:30:00	0.098	0.086	0.086	0.175	0.084	0.084	0.084	0.086	0.085	0.086	0.088	0.087	0.087	0.086	0.086	0.085	0.083	0.085	0.097	0.098	0.097	0.096	0.085	0.170	0.086	0.088	0.120	0.122	0.120	0.120	0.088	0.181	0.086	0.085	0.116	0.105	0.109	0.122	0.088	0.181	0.087	0.087	0.127	0.121	0.124	0.123	0.091	0.174	0.087	0.087	0.142	0.168	0.174	0.125	0.155	0.182	0.087	0.087	0.143	0.188	0.163	0.165	0.091	0.144	0.086	0.086	0.110	0.132	0.120	0.128	0.091	0.124	0.085	0.085	0.129	0.149	0.158	0.161	0.091	0.133
16:00:00	0.100	0.086	0.087	0.173	0.084	0.084	0.084	0.087	0.085	0.086	0.087	0.088	0.087	0.086	0.086	0.085	0.084	0.085	0.097	0.097	0.097	0.096	0.085	0.170	0.086	0.088	0.120	0.122	0.120	0.119	0.088	0.181	0.086	0.085	0.114	0.106	0.109	0.122	0.087	0.182	0.087	0.087	0.126	0.140	0.127	0.122	0.091	0.174	0.087	0.087	0.141	0.158	0.169	0.124	0.163	0.194	0.087	0.087	0.141	0.185	0.164	0.170	0.092	0.151	0.086	0.086	0.110	0.134	0.120	0.130	0.092	0.127	0.085	0.085	0.126	0.155	0.157	0.154	0.092	0.137
16:30:00	0.097	0.086	0.087	0.189	0.085	0.084	0.084	0.086	0.085	0.086	0.087	0.088	0.087	0.086	0.086	0.085	0.083	0.086	0.097	0.097	0.097	0.096	0.085	0.170	0.086	0.088	0.120	0.121	0.119	0.119	0.088	0.181	0.086	0.085	0.114	0.104	0.100	0.122	0.087	0.183	0.087	0.087	0.128	0.124	0.122	0.122	0.090	0.174	0.087	0.087	0.144	0.165	0.176	0.126	0.160	0.184	0.087	0.087	0.143	0.182	0.157	0.169	0.092	0.146	0.086	0.086	0.109	0.136	0.120	0.130	0.091	0.124	0.085	0.085	0.126	0.149	0.184	0.152	0.092	0.132
17:00:00	0.099	0.086	0.087	0.180	0.085	0.084	0.084	0.087	0.085	0.086	0.087	0.094	0.087	0.086	0.086	0.085	0.084	0.085	0.097	0.098	0.097	0.096	0.085	0.169	0.086	0.089	0.120	0.121	0.120	0.118	0.088	0.182	0.086	0.085	0.114	0.104	0.107	0.123	0.087	0.183	0.087	0.087	0.127	0.125	0.121	0.122	0.090	0.175	0.087	0.087	0.141	0.163	0.170	0.127	0.158	0.178	0.087	0.087	0.142	0.183	0.166	0.174	0.092	0.142	0.086	0.086	0.110	0.137	0.119	0.127	0.092	0.122	0.085	0.085	0.127	0.151	0.166	0.150	0.092	0.131
17:30:00	0.102	0.086	0.087	0.181	0.085	0.084	0.084	0.087	0.085	0.086	0.087	0.104	0.087	0.086	0.086	0.088	0.083	0.085	0.097	0.097	0.097	0.096	0.085	0.169	0.086	0.088	0.119	0.122	0.119	0.118	0.087	0.181	0.086	0.085	0.113	0.104	0.102	0.123	0.086	0.183	0.087	0.086	0.124	0.121	0.122	0.122	0.089	0.175	0.087	0.087	0.143	0.157	0.175	0.128	0.154	0.171	0.087	0.087	0.142	0.184	0.168	0.169	0.091	0.139	0.086	0.086	0.110	0.138	0.119	0.129	0.091	0.120	0.085	0.085	0.127	0.153	0.161	0.156	0.091	0.129
0:00:00																																																																																
0:00:00																																																																																
0:00:00																																																																																
0:00:00																																																																																
0:00:00																																																																																
0:00:00																																																																																
0:00:00																																																																																
0:00:00																																																																																
0:00:00																																																																																
0:00:00																																																																																
0:00:00																																																																																
0:00:00																																																																																
0:00:00																																																																																

